0.00611189 -2
0.012442 -2
0.0187722 -2
0.0251023 -1.99978
0.0312142 -1.99978
0.0375444 -1.99957
0.0438745 -1.99935
0.0502047 -1.99913
0.0563165 -1.99869
0.0626467 -1.99847
0.0689768 -1.99804
0.075307 -1.9976
0.0814188 -1.99716
0.087749 -1.99673
0.0940792 -1.99629
0.100191 -1.99564
0.106521 -1.99498
0.112851 -1.99433
0.118963 -1.99367
0.125293 -1.99302
0.131405 -1.99214
0.137735 -1.99127
0.144066 -1.99062
0.150177 -1.98974
0.156508 -1.98865
0.162619 -1.98778
0.168731 -1.98669
0.175061 -1.98581
0.181173 -1.98472
0.187285 -1.98341
0.193615 -1.98232
0.199727 -1.98123
0.205839 -1.97992
0.211951 -1.97861
0.218281 -1.9773
0.224393 -1.97599
0.230505 -1.97468
0.236617 -1.97315
0.242729 -1.97163
0.24884 -1.9701
0.254952 -1.96857
0.260846 -1.96704
0.266958 -1.96551
0.27307 -1.96377
0.279181 -1.96202
0.285075 -1.96028
0.291187 -1.95853
0.297299 -1.95678
0.303192 -1.95504
0.309304 -1.95307
0.315198 -1.95111
0.321091 -1.94914
0.327203 -1.94718
0.333097 -1.94521
0.33899 -1.94303
0.344884 -1.94085
0.350778 -1.93888
0.356671 -1.9367
0.362565 -1.9343
0.368458 -1.93212
0.374352 -1.92993
0.380246 -1.92753
0.385921 -1.92513
0.391814 -1.92273
0.39749 -1.92033
0.403383 -1.91771
0.409059 -1.91531
0.414734 -1.91269
0.420628 -1.91007
0.426303 -1.90745
0.431978 -1.90483
0.437654 -1.90221
0.443329 -1.89938
0.449004 -1.89676
0.454461 -1.89392
0.460136 -1.89108
0.465812 -1.88824
0.471269 -1.88519
0.476944 -1.88235
0.482401 -1.87929
0.487858 -1.87646
0.493533 -1.8734
0.49899 -1.87034
0.504447 -1.86707
0.509905 -1.86401
0.515143 -1.86074
0.5206 -1.85768
0.526057 -1.85441
0.531296 -1.85113
0.536753 -1.84764
0.541992 -1.84437
0.547231 -1.84109
0.552688 -1.8376
0.557926 -1.83411
0.563165 -1.83062
0.568186 -1.82712
0.573424 -1.82363
0.578663 -1.81992
0.583684 -1.81643
0.588922 -1.81272
0.593943 -1.80901
0.598963 -1.8053
0.603984 -1.80159
0.609222 -1.79787
0.614025 -1.79395
0.619045 -1.79023
0.624066 -1.78631
0.628868 -1.78238
0.633888 -1.77845
0.63869 -1.77452
0.643711 -1.77059
0.648513 -1.76666
0.653315 -1.76251
0.658117 -1.75837
0.662701 -1.75422
0.667503 -1.75007
0.672306 -1.74592
0.67689 -1.74178
0.681473 -1.73763
0.686057 -1.73326
0.690641 -1.72912
0.695225 -1.72475
0.699809 -1.72038
0.704393 -1.71602
0.708759 -1.71165
0.713342 -1.70707
0.717708 -1.7027
0.722074 -1.69812
0.726439 -1.69375
0.730805 -1.68917
0.735171 -1.68459
0.739536 -1.68
0.743684 -1.67542
0.747831 -1.67083
0.752196 -1.66603
0.756344 -1.66145
0.760491 -1.65665
0.764638 -1.65184
0.768568 -1.64704
0.772715 -1.64224
0.776644 -1.63744
0.780791 -1.63264
0.78472 -1.62783
0.788649 -1.62281
0.792578 -1.61801
0.796289 -1.61299
0.800218 -1.60797
0.803929 -1.60295
0.807858 -1.59793
0.811569 -1.59291
0.81528 -1.58789
0.818772 -1.58265
0.822483 -1.57763
0.826194 -1.57239
0.829686 -1.56737
0.833179 -1.56213
0.83689 -1.55689
0.840164 -1.55165
0.843656 -1.54641
0.847149 -1.54118
0.850423 -1.53594
0.853915 -1.53048
0.85719 -1.52524
0.860464 -1.51978
0.863738 -1.51455
0.867012 -1.50909
0.870068 -1.50363
0.873342 -1.49817
0.876398 -1.49272
0.879454 -1.48726
0.88251 -1.4818
0.885566 -1.47635
0.888404 -1.47067
0.89146 -1.46521
0.894297 -1.45954
0.897135 -1.45408
0.899973 -1.44841
0.90281 -1.44273
0.905648 -1.43727
0.908267 -1.4316
0.911105 -1.42592
0.913724 -1.42025
0.916344 -1.41435
0.918963 -1.40868
0.921364 -1.403
0.923984 -1.39711
0.926385 -1.39144
0.928786 -1.38554
0.931187 -1.37987
0.933588 -1.37397
0.935989 -1.36808
0.938172 -1.3624
0.940573 -1.35651
0.942756 -1.35062
0.944939 -1.34472
0.947121 -1.33883
0.949086 -1.33294
0.951269 -1.32704
0.953233 -1.32093
0.955198 -1.31504
0.957162 -1.30914
0.959127 -1.30303
0.961091 -1.29714
0.962838 -1.29103
0.964802 -1.28513
0.966548 -1.27902
0.968295 -1.27291
0.969823 -1.26701
0.971569 -1.2609
0.973097 -1.25479
0.974843 -1.24868
0.976371 -1.24257
0.977899 -1.23646
0.979209 -1.23034
0.980737 -1.22423
0.982046 -1.21812
0.983356 -1.21201
0.984666 -1.2059
0.985975 -1.19978
0.987285 -1.19367
0.988377 -1.18734
0.989686 -1.18123
0.990778 -1.17512
0.991869 -1.16879
0.99296 -1.16268
0.993834 -1.15656
0.994925 -1.15023
0.995798 -1.14412
0.996671 -1.13779
0.997544 -1.13168
0.998199 -1.12535
0.999072 -1.11924
0.999727 -1.11291
1.00038 -1.10658
1.00104 -1.10047
1.00169 -1.09414
1.00235 -1.08781
1.00278 -1.08169
1.00344 -1.07536
1.00387 -1.06903
1.00431 -1.06292
1.00453 -1.05659
1.00497 -1.05026
1.00518 -1.04393
1.0054 -1.03782
1.00562 -1.03149
1.00584 -1.02516
1.00606 -1.01883
1.00606 -1.01272
1.00628 -1.00639
1.00628 -1.00006
1.00628 -0.993727
1.00606 -0.987397
1.00606 -0.981285
1.00584 -0.974955
1.00562 -0.968625
1.0054 -0.962295
1.00518 -0.956183
1.00497 -0.949853
1.00453 -0.943522
1.00431 -0.937192
1.00387 -0.93108
1.00344 -0.92475
1.00278 -0.91842
1.00235 -0.912308
1.00169 -0.905978
1.00104 -0.899648
1.00038 -0.893536
0.999727 -0.887206
0.999072 -0.880876
0.998199 -0.874764
0.997544 -0.868434
0.996671 -0.862322
0.995798 -0.855992
0.994925 -0.84988
0.993834 -0.84355
0.99296 -0.837438
0.991869 -0.831326
0.990778 -0.824996
0.989686 -0.818884
0.988377 -0.812772
0.987285 -0.806442
0.985975 -0.80033
0.984666 -0.794218
0.983356 -0.788106
0.982046 -0.781994
0.980737 -0.775883
0.979209 -0.769771
0.977899 -0.763659
0.976371 -0.757547
0.974843 -0.751435
0.973097 -0.745323
0.971569 -0.739211
0.969823 -0.733099
0.968295 -0.727206
0.966548 -0.721094
0.964802 -0.714982
0.962838 -0.709089
0.961091 -0.702977
0.959127 -0.697083
0.957162 -0.690971
0.955198 -0.685078
0.953233 -0.679184
0.951269 -0.673072
0.949086 -0.667179
0.947121 -0.661285
0.944939 -0.655391
0.942756 -0.649498
0.940573 -0.643604
0.938172 -0.637711
0.935989 -0.632035
0.933588 -0.626142
0.931187 -0.620248
0.928786 -0.614573
0.926385 -0.608679
0.923984 -0.603004
0.921364 -0.59711
0.918963 -0.591435
0.916344 -0.58576
0.913724 -0.579866
0.911105 -0.574191
0.908267 -0.568516
0.905648 -0.56284
0.90281 -0.557383
0.899973 -0.551708
0.897135 -0.546033
0.894297 -0.540576
0.89146 -0.5349
0.888404 -0.529443
0.885566 -0.523768
0.88251 -0.518311
0.879454 -0.512854
0.876398 -0.507397
0.873342 -0.50194
0.870068 -0.496483
0.867012 -0.491026
0.863738 -0.485569
0.860464 -0.48033
0.85719 -0.474873
0.853915 -0.469634
0.850423 -0.464177
0.847149 -0.458938
0.843656 -0.4537
0.840164 -0.448461
0.83689 -0.443222
0.833179 -0.437983
0.829686 -0.432745
0.826194 -0.427724
0.822483 -0.422486
0.818772 -0.417465
0.81528 -0.412226
0.811569 -0.407206
0.807858 -0.402185
0.803929 -0.397165
0.800218 -0.392144
0.796289 -0.387124
0.792578 -0.382104
0.788649 -0.377301
0.78472 -0.372281
0.780791 -0.367479
0.776644 -0.362677
0.772715 -0.357874
0.768568 -0.353072
0.764638 -0.34827
0.760491 -0.343468
0.756344 -0.338666
0.752196 -0.334082
0.747831 -0.32928
0.743684 -0.324696
0.739536 -0.320112
0.735171 -0.315528
0.730805 -0.310944
0.726439 -0.30636
0.722074 -0.301776
0.717708 -0.297411
0.713342 -0.293045
0.708759 -0.288461
0.704393 -0.284095
0.699809 -0.27973
0.695225 -0.275364
0.690641 -0.270998
0.686057 -0.266851
0.681473 -0.262486
0.67689 -0.258338
0.672306 -0.254191
0.667503 -0.250044
0.662701 -0.245896
0.658117 -0.241749
0.653315 -0.237602
0.648513 -0.233454
0.643711 -0.229525
0.63869 -0.225596
0.633888 -0.221667
0.628868 -0.217738
0.624066 -0.213809
0.619045 -0.20988
0.614025 -0.205951
0.609222 -0.20224
0.603984 -0.198529
0.598963 -0.194818
0.593943 -0.191108
0.588922 -0.187397
0.583684 -0.183686
0.578663 -0.180194
0.573424 -0.176483
0.568186 -0.17299
0.563165 -0.169498
0.557926 -0.166005
0.552688 -0.162513
0.547231 -0.15902
0.541992 -0.155746
0.536753 -0.152472
0.531296 -0.148979
0.526057 -0.145705
0.5206 -0.142431
0.515143 -0.139375
0.509905 -0.136101
0.504447 -0.133045
0.49899 -0.129771
0.493533 -0.126715
0.487858 -0.123659
0.482401 -0.120821
0.476944 -0.117765
0.471269 -0.114709
0.465812 -0.111872
0.460136 -0.109034
0.454461 -0.106196
0.449004 -0.103359
0.443329 -0.100739
0.437654 -0.0979016
0.431978 -0.0952823
0.426303 -0.0926629
0.420628 -0.0900435
0.414734 -0.0874241
0.409059 -0.0848048
0.403383 -0.0821854
0.39749 -0.0797843
0.391814 -0.0773832
0.385921 -0.0749821
0.380246 -0.072581
0.374352 -0.0701799
0.368458 -0.0679971
0.362565 -0.0658143
0.356671 -0.0634132
0.350778 -0.0612304
0.344884 -0.0592659
0.33899 -0.0570831
0.333097 -0.0549003
0.327203 -0.0529357
0.321091 -0.0509712
0.315198 -0.0490067
0.309304 -0.0470422
0.303192 -0.0450776
0.297299 -0.0433314
0.291187 -0.0415851
0.285075 -0.0398389
0.279181 -0.0380926
0.27307 -0.0363464
0.266958 -0.0346001
0.260846 -0.0330722
0.254952 -0.0315442
0.24884 -0.0300162
0.242729 -0.0284883
0.236617 -0.0269603
0.230505 -0.0254323
0.224393 -0.0241226
0.218281 -0.022813
0.211951 -0.0215033
0.205839 -0.0201936
0.199727 -0.0188839
0.193615 -0.0177925
0.187285 -0.0167011
0.181173 -0.0153914
0.175061 -0.0143
0.168731 -0.0134269
0.162619 -0.0123355
0.156508 -0.0114623
0.150177 -0.0103709
0.144066 -0.00949782
0.137735 -0.00884297
0.131405 -0.00796985
0.125293 -0.00709673
0.118963 -0.00644188
0.112851 -0.00578704
0.106521 -0.0051322
0.100191 -0.00447735
0.0940792 -0.00382251
0.087749 -0.00338595
0.0814188 -0.00294939
0.075307 -0.00251282
0.0689768 -0.00207626
0.0626467 -0.0016397
0.0563165 -0.00120314
0.0502047 -0.000984857
0.0438745 -0.000766576
0.0375444 -0.000548295
0.0312142 -0.000330014
0.0251023 -0.000330014
0.0187722 -0.000111733
0.012442 -0.000111733
0.00611189 -0.000111733
2.31924e-08 -0.000111733
-0.00633013 0.000106548
-0.0126603 0.000106548
-0.0189904 0.000324829
-0.0253206 0.000543111
-0.0314324 0.000761392
-0.0377626 0.000979673
-0.0440927 0.00119795
-0.0504229 0.00163452
-0.0565348 0.0018528
-0.0628649 0.00228936
-0.0691951 0.00272592
-0.0753069 0.00338076
-0.0816371 0.00381733
-0.0879672 0.00447217
-0.0940791 0.00490873
-0.100409 0.00556357
-0.106739 0.0064367
-0.112851 0.00709154
-0.119181 0.00774638
-0.125293 0.00861951
-0.131623 0.00949263
-0.137735 0.0103658
-0.144065 0.0112389
-0.150177 0.0123303
-0.156507 0.0132034
-0.162619 0.0142948
-0.168949 0.0153862
-0.175061 0.0164776
-0.181173 0.017569
-0.187285 0.0188787
-0.193615 0.0201884
-0.199727 0.0212798
-0.205839 0.0225895
-0.211951 0.0241175
-0.218063 0.0254271
-0.224175 0.0269551
-0.230286 0.0282648
-0.236398 0.0297928
-0.24251 0.0313207
-0.248622 0.0328487
-0.254734 0.034595
-0.260628 0.0361229
-0.266739 0.0378692
-0.272851 0.0396154
-0.278745 0.0413617
-0.284857 0.0433262
-0.290969 0.0450724
-0.296862 0.047037
-0.302756 0.0490015
-0.308868 0.050966
-0.314761 0.0529306
-0.320655 0.0548951
-0.326548 0.0568596
-0.33266 0.0590424
-0.338554 0.0612252
-0.344447 0.063408
-0.350341 0.0655909
-0.356016 0.067992
-0.36191 0.0701748
-0.367804 0.0725759
-0.373697 0.0749769
-0.379372 0.077378
-0.385266 0.0797791
-0.390941 0.0821802
-0.396835 0.0847996
-0.40251 0.0872007
-0.408186 0.0898201
-0.413861 0.0924394
-0.419536 0.0950588
-0.425211 0.0978965
-0.430887 0.100516
-0.436562 0.103353
-0.442237 0.106191
-0.447913 0.109029
-0.45337 0.111866
-0.459045 0.114704
-0.464502 0.11776
-0.469959 0.120598
-0.475634 0.123654
-0.481091 0.12671
-0.486548 0.129765
-0.492005 0.132821
-0.497462 0.136096
-0.502919 0.139152
-0.508158 0.142426
-0.513615 0.1457
-0.519072 0.148974
-0.524311 0.152248
-0.52955 0.155523
-0.535007 0.159015
-0.540246 0.162508
-0.545484 0.165782
-0.550723 0.169274
-0.555962 0.172767
-0.561201 0.176478
-0.566221 0.17997
-0.57146 0.183681
-0.57648 0.187173
-0.581719 0.190884
-0.586739 0.194595
-0.59176 0.198306
-0.59678 0.202235
-0.601801 0.205946
-0.606821 0.209875
-0.611623 0.213585
-0.616644 0.217514
-0.621446 0.221444
-0.626467 0.225373
-0.631269 0.22952
-0.636071 0.233449
-0.640873 0.237596
-0.645675 0.241525
-0.650477 0.245673
-0.655061 0.24982
-0.659864 0.253967
-0.664447 0.258115
-0.66925 0.26248
-0.673834 0.266628
-0.678417 0.270993
-0.683001 0.275359
-0.687585 0.279725
-0.691951 0.28409
-0.696535 0.288456
-0.7009 0.292821
-0.705266 0.297405
-0.70985 0.301771
-0.714216 0.306355
-0.718581 0.310939
-0.722728 0.315304
-0.727094 0.320107
-0.731241 0.32469
-0.735607 0.329274
-0.739754 0.333858
-0.743902 0.33866
-0.748049 0.343463
-0.752196 0.348047
-0.756344 0.352849
-0.760273 0.357651
-0.76442 0.362453
-0.768349 0.367474
-0.772278 0.372276
-0.776207 0.377078
-0.780136 0.382098
-0.784065 0.387119
-0.787776 0.391921
-0.791705 0.396941
-0.795416 0.401962
-0.799127 0.407201
-0.802838 0.412221
-0.806548 0.417242
-0.810259 0.42248
-0.813752 0.427501
-0.817462 0.43274
-0.820955 0.437978
-0.824447 0.442999
-0.82794 0.448238
-0.831432 0.453476
-0.834707 0.458933
-0.838199 0.464172
-0.841473 0.469411
-0.844748 0.474868
-0.848022 0.480107
-0.851296 0.485564
-0.85457 0.491021
-0.857844 0.496259
-0.8609 0.501716
-0.863956 0.507173
-0.867012 0.51263
-0.870068 0.518306
-0.873124 0.523763
-0.87618 0.52922
-0.879018 0.534895
-0.881855 0.540352
-0.884911 0.546027
-0.887749 0.551484
-0.890368 0.55716
-0.893206 0.562835
-0.896044 0.56851
-0.898663 0.574186
-0.901282 0.579861
-0.903902 0.585536
-0.906521 0.591212
-0.90914 0.597105
-0.911542 0.60278
-0.914161 0.608674
-0.916562 0.614349
-0.918963 0.620243
-0.921364 0.625918
-0.923547 0.631812
-0.925948 0.637705
-0.928131 0.643599
-0.930314 0.649493
-0.932497 0.655386
-0.934679 0.66128
-0.936862 0.667173
-0.938827 0.673067
-0.94101 0.678961
-0.942974 0.685072
-0.944939 0.690966
-0.946903 0.69686
-0.948649 0.702971
-0.950614 0.708865
-0.95236 0.714977
-0.954106 0.720871
-0.955853 0.726982
-0.957599 0.733094
-0.959127 0.739206
-0.960873 0.7451
-0.962401 0.751212
-0.963929 0.757323
-0.965457 0.763435
-0.966985 0.769547
-0.968295 0.775659
-0.969823 0.781771
-0.971132 0.787883
-0.972442 0.793995
-0.973752 0.800325
-0.974843 0.806437
-0.976153 0.812549
-0.977244 0.81866
-0.978336 0.824991
-0.979427 0.831102
-0.980518 0.837433
-0.98161 0.843544
-0.982483 0.849656
-0.983356 0.855986
-0.984229 0.862098
-0.985102 0.868429
-0.985975 0.87454
-0.98663 0.880871
-0.987503 0.887201
-0.988158 0.893313
-0.988813 0.899643
-0.989468 0.905755
-0.989904 0.912085
-0.990559 0.918415
-0.990996 0.924527
-0.991432 0.930857
-0.991869 0.937187
-0.992306 0.943517
-0.992524 0.949629
-0.99296 0.955959
-0.993179 0.962289
-0.993397 0.96862
-0.993615 0.974731
-0.993615 0.981062
-0.993834 0.987392
-0.993834 0.993722
-0.993834 1.00005
-0.993834 1.00616
-0.993834 1.01249
-0.993615 1.01882
-0.993615 1.02515
-0.993397 1.03127
-0.993179 1.0376
-0.99296 1.04393
-0.992524 1.05026
-0.992306 1.05659
-0.991869 1.0627
-0.991432 1.06903
-0.990996 1.07536
-0.990559 1.08147
-0.989904 1.0878
-0.989468 1.09413
-0.988813 1.10024
-0.988158 1.10657
-0.987503 1.1129
-0.98663 1.11902
-0.985975 1.12535
-0.985102 1.13146
-0.984229 1.13779
-0.983356 1.1439
-0.982483 1.15023
-0.98161 1.15634
-0.980518 1.16267
-0.979427 1.16878
-0.978336 1.1749
-0.977244 1.18123
-0.976153 1.18734
-0.974843 1.19345
-0.973752 1.19978
-0.972442 1.20589
-0.971132 1.212
-0.969823 1.21811
-0.968295 1.22423
-0.966985 1.23034
-0.965457 1.23645
-0.963929 1.24256
-0.962401 1.24867
-0.960873 1.25479
-0.959127 1.2609
-0.957599 1.26679
-0.955853 1.2729
-0.954106 1.27902
-0.95236 1.28491
-0.950614 1.29102
-0.948649 1.29691
-0.946903 1.30303
-0.944939 1.30892
-0.942974 1.31503
-0.94101 1.32093
-0.938827 1.32682
-0.936862 1.33271
-0.934679 1.33861
-0.932497 1.3445
-0.930314 1.35039
-0.928131 1.35629
-0.925948 1.36218
-0.923547 1.36807
-0.921364 1.37397
-0.918963 1.37964
-0.916562 1.38554
-0.914161 1.39143
-0.911542 1.39711
-0.90914 1.40278
-0.906521 1.40867
-0.903902 1.41435
-0.901282 1.42002
-0.898663 1.4257
-0.896044 1.43138
-0.893206 1.43705
-0.890368 1.44273
-0.887749 1.4484
-0.884911 1.45386
-0.881855 1.45953
-0.879018 1.46521
-0.87618 1.47067
-0.873124 1.47612
-0.870068 1.4818
-0.867012 1.48726
-0.863956 1.49271
-0.8609 1.49817
-0.857844 1.50363
-0.85457 1.50908
-0.851296 1.51432
-0.848022 1.51978
-0.844748 1.52524
-0.841473 1.53047
-0.838199 1.53571
-0.834707 1.54117
-0.831432 1.54641
-0.82794 1.55165
-0.824447 1.55689
-0.820955 1.56213
-0.817462 1.56715
-0.813752 1.57238
-0.810259 1.57762
-0.806548 1.58264
-0.802838 1.58766
-0.799127 1.5929
-0.795416 1.59792
-0.791705 1.60294
-0.787776 1.60796
-0.784065 1.61277
-0.780136 1.61779
-0.776207 1.62281
-0.772278 1.62761
-0.768349 1.63263
-0.76442 1.63743
-0.760273 1.64223
-0.756344 1.64704
-0.752196 1.65184
-0.748049 1.65664
-0.743902 1.66123
-0.739754 1.66603
-0.735607 1.67061
-0.731241 1.6752
-0.727094 1.68
-0.722728 1.68458
-0.718581 1.68917
-0.714216 1.69353
-0.70985 1.69811
-0.705266 1.7027
-0.7009 1.70706
-0.696535 1.71143
-0.691951 1.71601
-0.687585 1.72038
-0.683001 1.72453
-0.678417 1.72889
-0.673834 1.73326
-0.66925 1.73741
-0.664447 1.74177
-0.659864 1.74592
-0.655061 1.75007
-0.650477 1.75421
-0.645675 1.75836
-0.640873 1.76251
-0.636071 1.76644
-0.631269 1.77058
-0.626467 1.77451
-0.621446 1.77844
-0.616644 1.78237
-0.611623 1.7863
-0.606821 1.79023
-0.601801 1.79394
-0.59678 1.79787
-0.59176 1.80158
-0.586739 1.80529
-0.581719 1.809
-0.57648 1.81271
-0.57146 1.8162
-0.566221 1.81992
-0.561201 1.82341
-0.555962 1.82712
-0.550723 1.83061
-0.545484 1.8341
-0.540246 1.8376
-0.535007 1.84087
-0.52955 1.84436
-0.524311 1.84764
-0.519072 1.85091
-0.513615 1.85419
-0.508158 1.85746
-0.502919 1.86073
-0.497462 1.86379
-0.492005 1.86706
-0.486548 1.87012
-0.481091 1.87318
-0.475634 1.87623
-0.469959 1.87929
-0.464502 1.88234
-0.459045 1.88518
-0.45337 1.88802
-0.447913 1.89108
-0.442237 1.89391
-0.436562 1.89653
-0.430887 1.89937
-0.425211 1.90221
-0.419536 1.90483
-0.413861 1.90745
-0.408186 1.91007
-0.40251 1.91268
-0.396835 1.9153
-0.390941 1.91771
-0.385266 1.92011
-0.379372 1.92273
-0.373697 1.92513
-0.367804 1.92731
-0.36191 1.92971
-0.356016 1.93211
-0.350341 1.93429
-0.344447 1.93648
-0.338554 1.93866
-0.33266 1.94084
-0.326548 1.94303
-0.320655 1.94499
-0.314761 1.94717
-0.308868 1.94914
-0.302756 1.9511
-0.296862 1.95285
-0.290969 1.95481
-0.284857 1.95678
-0.278745 1.95852
-0.272851 1.96027
-0.266739 1.96202
-0.260628 1.96376
-0.254734 1.96529
-0.248622 1.96704
-0.24251 1.96856
-0.236398 1.97009
-0.230286 1.97162
-0.224175 1.97315
-0.218063 1.97446
-0.211951 1.97599
-0.205839 1.9773
-0.199727 1.97861
-0.193615 1.97992
-0.187285 1.98101
-0.181173 1.98232
-0.175061 1.98341
-0.168949 1.9845
-0.162619 1.98559
-0.156507 1.98668
-0.150177 1.98756
-0.144065 1.98865
-0.137735 1.98952
-0.131623 1.99039
-0.125293 1.99127
-0.119181 1.99214
-0.112851 1.99279
-0.106739 1.99367
-0.100409 1.99432
-0.0940791 1.99498
-0.0879672 1.99563
-0.0816371 1.99607
-0.0753069 1.99672
-0.0691951 1.99716
-0.0628649 1.9976
-0.0565348 1.99803
-0.0504229 1.99847
-0.0440927 1.99869
-0.0377626 1.99891
-0.0314324 1.99934
-0.0253206 1.99956
-0.0189904 1.99956
-0.0126603 1.99978
-0.00633013 2
2.31924e-08 2

