-0.222867 2.11731
-0.222867 2.11731
-0.222867 2.11731
-0.222867 2.11731
-0.272742 2.06874
-0.429957 1.91134
-0.501001 1.8378
-0.537399 1.79796
-0.592869 1.73395
-0.621933 1.69813
-0.626582 1.6924
-0.755794 1.49717
-0.782214 1.45456
-0.785545 1.44919
-0.788636 1.44273
-0.816522 1.38107
-0.825233 1.35924
-0.82971 1.34801
-0.833513 1.33848
-0.843984 1.30787
-0.870928 1.19491
-0.879646 1.13972
-0.882344 1.11306
-0.884053 1.07598
-0.884187 1.04217
-0.882859 1.00893
-0.878208 0.959408
-0.876444 0.947911
-0.815483 0.738102
-0.785015 0.677358
-0.726422 0.580671
-0.69794 0.543212
-0.682552 0.524492
-0.618862 0.454022
-0.525317 0.364992
-0.492195 0.338246
-0.465943 0.318173
-0.395604 0.26661
-0.36411 0.2482
-0.358941 0.245179
0.00980521 0.0299696
0.0350822 0.0162834
0.0941534 -0.0158804
0.138047 -0.0401859
0.179647 -0.0636817
0.185441 -0.0669625
0.204084 -0.0777041
0.266899 -0.115144
0.275056 -0.120031
0.345314 -0.164811
0.346128 -0.165337
0.47367 -0.257282
0.500019 -0.276661
0.509147 -0.284222
0.528511 -0.300329
0.616428 -0.383625
0.621957 -0.389041
0.655924 -0.42431
0.686863 -0.460421
0.780881 -0.598376
0.81698 -0.664114
0.82161 -0.67348
0.843503 -0.724663
0.868047 -0.796748
0.895498 -0.923825
0.901136 -0.975324
0.903326 -1.03239
0.89817 -1.13995
0.895708 -1.15508
0.877857 -1.25208
0.855031 -1.33427
0.854483 -1.33581
0.850694 -1.34647
0.845588 -1.36083
0.828577 -1.40347
0.827711 -1.40545
0.823395 -1.41533
0.787183 -1.49306
0.764855 -1.53401
0.75983 -1.54283
0.753982 -1.5531
0.732219 -1.58846
0.719954 -1.60787
0.695605 -1.64368
0.660102 -1.69342
0.633818 -1.72789
0.607928 -1.76043
0.597123 -1.77329
0.578707 -1.7952
0.521707 -1.8612
0.506414 -1.87828
0.472524 -1.91519
0.433205 -1.95684
0.352447 -2.04118
0.347215 -2.04657
0.33275 -2.06141
0.31647 -2.07809
0.311727 -2.08295
0.260112 -2.13572
0.202246 -2.1948
