-0.00152794 -1.9952
0.133588 -2.01179
0.210641 -1.98429
0.197108 -1.96159
0.2591 -1.98953
0.261501 -1.95285
0.283984 -1.98516
0.418226 -1.94259
0.452497 -1.89676
0.517544 -1.88824
0.50925 -1.85004
0.59176 -1.80617
0.620791 -1.77124
0.625593 -1.79722
0.68191 -1.76557
0.704175 -1.72693
0.732333 -1.66865
0.77206 -1.61365
0.760491 -1.63395
0.785593 -1.57152
0.801746 -1.56671
0.826849 -1.56933
0.866139 -1.53288
0.921583 -1.45823
0.939918 -1.45212
0.937517 -1.45343
0.894297 -1.36197
0.892988 -1.37768
0.956289 -1.37026
0.930532 -1.36284
0.935771 -1.26701
0.992087 -1.17075
0.995362 -1.15416
1.00715 -1.03651
0.992306 -0.971026
0.985975 -0.905323
0.977681 -0.761476
0.969168 -0.674382
0.921364 -0.624177
0.936207 -0.605187
0.87116 -0.539484
0.794543 -0.373809
0.770314 -0.324041
0.727749 -0.281039
0.720764 -0.27711
0.612497 -0.202022
0.581937 -0.196346
0.567967 -0.184777
0.544175 -0.161421
0.392906 -0.0928812
0.387667 -0.0992113
0.33397 -0.0217216
0.289659 -0.0771649
0.218718 -0.00818813
0.235525 -0.0234678
0.206494 -0.0162645
0.167858 0.01364
0.0849113 -0.0328539
0.0159345 -0.0188839
-0.0163711 -0.0184473
-0.458608 0.0865458
-0.463411 0.066464
-0.484147 0.115141
-0.555089 0.20158
-0.595689 0.20289
-0.637162 0.230175
-0.740846 0.33233
-0.821173 0.441907
-0.796289 0.430993
-0.834052 0.507392
-0.922237 0.599288
-0.923329 0.689656
-0.989904 0.917105
-1.02243 0.94439
-0.963274 1.00485
-1.01348 1.04065
-0.979645 1.11945
-0.990123 1.07907
-0.953452 1.14805
-0.977681 1.21724
-0.932278 1.33642
-0.943192 1.37833
-0.88513 1.38314
-0.92704 1.38685
-0.917435 1.42133
-0.895607 1.4938
-0.828595 1.48333
-0.842346 1.48442
-0.828158 1.54204
-0.650696 1.72147
-0.687149 1.74155
-0.625375 1.76032
-0.538499 1.79896
-0.505321 1.84174
-0.431978 1.91334
-0.184229 1.97817
-0.0766166 1.99891
-0.059809 1.95067
-0.0451842 2.00436
-0.00392904 2.00043
