0.0 0.0
1.96341E-5 0.00124985
7.85269E-5 0.00249877
1.76649E-4 0.00374584
3.13953E-4 0.00499013
4.90369E-4 0.00623073
7.05812E-4 0.00746671
9.60175E-4 0.00869716
0.00125333 0.00992115
0.00158514 0.0111378
0.00195543 0.0123461
0.00236403 0.0135453
0.00281072 0.0147343
0.00329529 0.0159124
0.00381751 0.0170785
0.0043771 0.0182319
0.0049738 0.0193717
0.0056073 0.0204968
0.0062773 0.0216066
0.00698346 0.0227001
0.00772542 0.0237764
0.00850283 0.0248347
0.00931529 0.0258742
0.0101624 0.026894
0.0110437 0.0278933
0.0119589 0.0288712
0.0129073 0.029827
0.0138886 0.0307599
0.0149023 0.0316689
0.0159478 0.0325535
0.0170246 0.0334127
0.0181323 0.0342459
0.0192701 0.0350523
0.0204377 0.035831
0.0216343 0.0365815
0.0228593 0.037303
0.0241122 0.0379948
0.0253923 0.0386561
0.026699 0.0392863
0.0280315 0.0398848
0.0293893 0.0404508
0.0307715 0.0409838
0.0321776 0.0414831
0.0336068 0.0419481
0.0350583 0.0423782
0.0365315 0.0427728
0.0380254 0.0431314
0.0395395 0.0434533
0.0410728 0.0437381
0.0426247 0.0439852
0.0441942 0.0441942
0.0457806 0.0443644
0.047383 0.0444956
0.0490006 0.0445871
0.0506325 0.0446386
0.0522779 0.0446496
0.0539359 0.0446197
0.0556057 0.0445485
0.0572862 0.0444358
0.0589767 0.044281
0.0606763 0.0440839
0.0623839 0.0438442
0.0640987 0.0435615
0.0658198 0.0432355
0.0675462 0.0428661
0.069277 0.042453
0.0710112 0.0419959
0.0727479 0.0414947
0.0744861 0.0409491
0.0762248 0.0403589
0.0779631 0.0397242
0.0796999 0.0390446
0.0814344 0.0383201
0.0831655 0.0375507
0.0848923 0.0367362
0.0866137 0.0358766
0.0883288 0.0349718
0.0900365 0.034022
0.0917359 0.0330269
0.0934259 0.0319868
0.0951057 0.0309017
0.096774 0.0297716
0.0984301 0.0285966
0.100073 0.0273768
0.101701 0.0261124
0.103314 0.0248036
0.104911 0.0234504
0.10649 0.0220531
0.108052 0.0206119
0.109593 0.0191271
0.111115 0.0175989
0.112615 0.0160275
0.114093 0.0144133
0.115548 0.0127566
0.116979 0.0110577
0.118384 0.00931702
0.119763 0.00753486
0.121115 0.00571166
0.12244 0.00384782
0.123735 0.00194378
0.125 7.65404E-18
0.126234 -0.00198305
0.127437 -0.00400487
0.128607 -0.00606496
0.129743 -0.00816277
0.130845 -0.0102978
0.131912 -0.0124694
0.132942 -0.014677
0.133935 -0.01692
0.134891 -0.0191978
0.135807 -0.0215097
0.136684 -0.0238552
0.13752 -0.0262334
0.138315 -0.0286437
0.139068 -0.0310854
0.139778 -0.0335578
0.140445 -0.03606
0.141067 -0.0385914
0.141643 -0.0411512
0.142174 -0.0437385
0.142658 -0.0463525
0.143095 -0.0489925
0.143484 -0.0516575
0.143825 -0.0543468
0.144115 -0.0570593
0.144356 -0.0597943
0.144546 -0.0625508
0.144685 -0.0653279
0.144772 -0.0681247
0.144807 -0.0709402
0.144789 -0.0737735
0.144717 -0.0766235
0.144591 -0.0794894
0.14441 -0.08237
0.144174 -0.0852644
0.143883 -0.0881716
0.143536 -0.0910906
0.143132 -0.0940202
0.142671 -0.0969594
0.142154 -0.0999072
0.141578 -0.102862
0.140944 -0.105824
0.140253 -0.108791
0.139502 -0.111762
0.138692 -0.114736
0.137824 -0.117712
0.136895 -0.120689
0.135907 -0.123666
0.134859 -0.126641
0.133751 -0.129614
0.132583 -0.132583
0.131354 -0.135546
0.130064 -0.138504
0.128714 -0.141454
0.127303 -0.144396
0.125831 -0.147329
0.124298 -0.15025
0.122704 -0.153159
0.121049 -0.156056
0.119334 -0.158937
0.117557 -0.161803
0.11572 -0.164653
0.113822 -0.167484
0.111863 -0.170296
0.109844 -0.173087
0.107765 -0.175857
0.105626 -0.178604
0.103427 -0.181327
0.101168 -0.184024
0.0988502 -0.186695
0.096473 -0.189339
0.094037 -0.191953
0.0915425 -0.194538
0.08899 -0.197091
0.0863797 -0.199612
0.083712 -0.202099
0.0809874 -0.204551
0.0782063 -0.206967
0.0753692 -0.209346
0.0724765 -0.211687
0.0695288 -0.213988
0.0665266 -0.216248
0.0634705 -0.218467
0.060361 -0.220643
0.0571987 -0.222774
0.0539842 -0.224861
0.0507183 -0.226901
0.0474015 -0.228893
0.0440346 -0.230838
0.0406182 -0.232732
0.0371532 -0.234576
0.0336402 -0.236368
0.03008 -0.238108
0.0264734 -0.239793
0.0228213 -0.241424
0.0191244 -0.242999
0.0153837 -0.244517
0.0116 -0.245977
0.00777416 -0.247378
0.0039072 -0.248719
3.06162E-17 -0.25
-0.00394646 -0.251219
-0.00793122 -0.252375
-0.0119533 -0.253468
-0.0160116 -0.254497
-0.0201051 -0.25546
-0.0242329 -0.256357
-0.0283938 -0.257187
-0.0325866 -0.25795
-0.0368104 -0.258644
-0.041064 -0.259268
-0.0453463 -0.259823
-0.049656 -0.260306
-0.0539921 -0.260718
-0.0583533 -0.261058
-0.0627384 -0.261324
-0.0671463 -0.261517
-0.0715756 -0.261636
-0.0760251 -0.26168
-0.0804935 -0.261648
-0.0849797 -0.261541
-0.0894822 -0.261356
-0.0939998 -0.261094
-0.0985311 -0.260755
-0.103075 -0.260337
-0.10763 -0.259841
-0.112194 -0.259266
-0.116767 -0.258611
-0.121347 -0.257876
-0.125933 -0.25706
-0.130522 -0.256164
-0.135115 -0.255187
-0.139709 -0.254129
-0.144302 -0.252989
-0.148895 -0.251767
-0.153484 -0.250463
-0.158069 -0.249077
-0.162648 -0.247608
-0.16722 -0.246056
-0.171783 -0.244422
-0.176336 -0.242705
-0.180877 -0.240905
-0.185404 -0.239022
-0.189917 -0.237056
-0.194414 -0.235007
-0.198893 -0.232874
-0.203353 -0.230659
-0.207793 -0.228361
-0.21221 -0.22598
-0.216603 -0.223517
-0.220971 -0.220971
-0.225312 -0.218343
-0.229625 -0.215632
-0.233908 -0.21284
-0.23816 -0.209967
-0.242379 -0.207012
-0.246564 -0.203976
-0.250713 -0.200859
-0.254825 -0.197663
-0.258898 -0.194386
-0.262931 -0.19103
-0.266921 -0.187595
-0.270869 -0.184082
-0.274772 -0.180491
-0.278628 -0.176823
-0.282437 -0.173078
-0.286197 -0.169256
-0.289906 -0.165359
-0.293563 -0.161387
-0.297166 -0.157341
-0.300715 -0.153222
-0.304207 -0.149029
-0.307641 -0.144765
-0.311016 -0.140429
-0.314331 -0.136023
-0.317584 -0.131547
-0.320773 -0.127003
-0.323897 -0.122391
-0.326956 -0.117711
-0.329947 -0.112966
-0.33287 -0.108156
-0.335722 -0.103282
-0.338504 -0.0983444
-0.341212 -0.0933451
-0.343847 -0.0882849
-0.346407 -0.0831649
-0.34889 -0.0779862
-0.351296 -0.0727499
-0.353623 -0.0674573
-0.355871 -0.0621094
-0.358037 -0.0567075
-0.360121 -0.0512528
-0.362122 -0.0457466
-0.364038 -0.0401902
-0.365869 -0.0345848
-0.367613 -0.0289318
-0.36927 -0.0232325
-0.370838 -0.0174883
-0.372316 -0.0117005
-0.373704 -0.00587061
-0.375 -6.88864E-17
-0.376204 0.00590988
-0.377314 0.0118576
-0.37833 0.0178416
-0.37925 0.0238604
-0.380075 0.0299125
-0.380802 0.0359964
-0.381433 0.0421105
-0.381964 0.0482533
-0.382397 0.0544231
-0.382729 0.0606184
-0.382961 0.0668374
-0.383092 0.0730787
-0.383121 0.0793405
-0.383047 0.0856212
-0.382871 0.0919191
-0.38259 0.0982325
-0.382206 0.10456
-0.381717 0.110899
-0.381122 0.117249
-0.380423 0.123607
-0.379617 0.129972
-0.378705 0.136342
-0.377686 0.142715
-0.376559 0.14909
-0.375326 0.155465
-0.373985 0.161838
-0.372536 0.168206
-0.370979 0.17457
-0.369314 0.180925
-0.36754 0.187271
-0.365658 0.193606
-0.363667 0.199928
-0.361568 0.206235
-0.35936 0.212525
-0.357043 0.218796
-0.354618 0.225047
-0.352084 0.231276
-0.349442 0.23748
-0.346691 0.243658
-0.343832 0.249809
-0.340866 0.255929
-0.337791 0.262018
-0.33461 0.268073
-0.331321 0.274092
-0.327925 0.280074
-0.324423 0.286017
-0.320815 0.291919
-0.317101 0.297778
-0.313283 0.303592
-0.309359 0.309359
-0.305332 0.315078
-0.301201 0.320746
-0.296967 0.326362
-0.292631 0.331924
-0.288193 0.33743
-0.283654 0.342878
-0.279015 0.348267
-0.274276 0.353594
-0.269439 0.358858
-0.264503 0.364058
-0.259471 0.36919
-0.254343 0.374254
-0.249119 0.379248
-0.243801 0.384169
-0.23839 0.389017
-0.232886 0.393789
-0.227292 0.398485
-0.221607 0.403101
-0.215833 0.407637
-0.209971 0.412091
-0.204022 0.41646
-0.197987 0.420745
-0.191869 0.424942
-0.185667 0.42905
-0.179383 0.433069
-0.173019 0.436995
-0.166575 0.440828
-0.160054 0.444566
-0.153456 0.448208
-0.146783 0.451752
-0.140037 0.455196
-0.133218 0.45854
-0.126329 0.461782
-0.119371 0.46492
-0.112346 0.467953
-0.105254 0.47088
-0.0980984 0.473699
-0.0908799 0.476409
-0.0836005 0.479009
-0.0762618 0.481498
-0.0688655 0.483874
-0.0614133 0.486136
-0.053907 0.488283
-0.0463483 0.490314
-0.0387392 0.492228
-0.0310813 0.494023
-0.0233766 0.495699
-0.0156269 0.497255
-0.00783402 0.498688
-1.22465E-16 0.5
0.00787329 0.501188
0.0157839 0.502252
0.0237299 0.503191
0.0317092 0.504003
0.0397199 0.504689
0.04776 0.505248
0.0558273 0.505678
0.0639199 0.505978
0.0720358 0.50615
0.0801727 0.50619
0.0883286 0.5061
0.0965014 0.505878
0.104689 0.505524
0.112889 0.505037
0.1211 0.504417
0.129319 0.503663
0.137544 0.502776
0.145773 0.501753
0.154004 0.500597
0.162234 0.499305
0.170462 0.497877
0.178684 0.496315
0.1869 0.494616
0.195106 0.492782
0.203301 0.490811
0.211481 0.488704
0.219646 0.486461
0.227792 0.484082
0.235917 0.481567
0.24402 0.478916
0.252097 0.476129
0.260147 0.473206
0.268167 0.470147
0.276155 0.466953
0.284109 0.463623
0.292026 0.460159
0.299904 0.45656
0.307741 0.452827
0.315534 0.44896
0.323282 0.444959
0.330982 0.440826
0.338631 0.436561
0.346228 0.432163
0.35377 0.427635
0.361255 0.422976
0.368681 0.418187
0.376046 0.413269
0.383346 0.408222
0.390581 0.403048
0.397748 0.397748
0.404844 0.392321
0.411867 0.386769
0.418816 0.381093
0.425688 0.375294
0.432481 0.369374
0.439193 0.363332
0.445821 0.35717
0.452364 0.350889
0.458819 0.344491
0.465185 0.337977
0.471459 0.331347
0.477639 0.324603
0.483724 0.317747
0.48971 0.31078
0.495597 0.303702
0.501382 0.296517
0.507064 0.289224
0.512639 0.281826
0.518108 0.274324
0.523466 0.266719
0.528714 0.259014
0.533848 0.25121
0.538867 0.243308
0.54377 0.23531
0.548553 0.227218
0.553217 0.219034
0.557759 0.210759
0.562176 0.202396
0.566469 0.193946
0.570634 0.18541
0.574671 0.176792
0.578577 0.168092
0.582352 0.159313
0.585993 0.150457
0.589499 0.141526
0.592869 0.132522
0.596102 0.123447
0.599195 0.114303
0.602148 0.105092
0.604959 0.0958161
0.607627 0.0864781
0.610151 0.0770799
0.612528 0.0676238
0.61476 0.0581119
0.616843 0.0485466
0.618777 0.0389301
0.62056 0.0292649
0.622193 0.0195532
0.623673 0.00979744
0.625 7.46463E-16
0.626173 -0.00983671
0.62719 -0.0197103
0.628052 -0.0296182
0.628757 -0.039558
0.629304 -0.0495273
0.629693 -0.0595235
0.629923 -0.0695441
0.629993 -0.0795866
0.629903 -0.0896484
0.629651 -0.099727
0.629239 -0.10982
0.628664 -0.119924
0.627927 -0.130037
0.627027 -0.140157
0.625963 -0.15028
0.624736 -0.160405
0.623345 -0.170528
0.62179 -0.180647
0.620071 -0.190759
0.618187 -0.200861
0.616138 -0.210951
0.613925 -0.221026
0.611547 -0.231084
0.609004 -0.241122
0.606296 -0.251136
0.603424 -0.261125
0.600387 -0.271085
0.597186 -0.281014
0.593821 -0.29091
0.590292 -0.300769
0.586599 -0.310588
0.582744 -0.320366
0.578726 -0.330099
0.574545 -0.339785
0.570203 -0.349421
0.5657 -0.359004
0.561036 -0.368532
0.556212 -0.378001
0.551228 -0.38741
0.546086 -0.396755
0.540787 -0.406034
0.53533 -0.415245
0.529717 -0.424383
0.523949 -0.433448
0.518027 -0.442436
0.511951 -0.451345
0.505723 -0.460172
0.499344 -0.468915
0.492814 -0.47757
0.486136 -0.486136
0.47931 -0.494609
0.472338 -0.502988
0.46522 -0.51127
0.457958 -0.519452
0.450555 -0.527532
0.44301 -0.535507
0.435325 -0.543375
0.427503 -0.551133
0.419544 -0.55878
0.41145 -0.566312
0.403222 -0.573727
0.394864 -0.581024
0.386375 -0.588199
0.377758 -0.595251
0.369015 -0.602177
0.360147 -0.608975
0.351156 -0.615643
0.342045 -0.622178
0.332815 -0.628578
0.323468 -0.634842
0.314007 -0.640967
0.304432 -0.646951
0.294747 -0.652793
0.284954 -0.658489
0.275054 -0.664038
0.26505 -0.669439
0.254944 -0.674689
0.244738 -0.679786
0.234435 -0.684729
0.224037 -0.689516
0.213547 -0.694145
0.202966 -0.698614
0.192297 -0.702921
0.181544 -0.707066
0.170707 -0.711046
0.15979 -0.714859
0.148795 -0.718505
0.137725 -0.721981
0.126583 -0.725287
0.11537 -0.72842
0.104091 -0.73138
0.0927466 -0.734165
0.0813406 -0.736774
0.0698754 -0.739205
0.058354 -0.741457
0.0467789 -0.74353
0.0351532 -0.745422
0.0234795 -0.747131
0.0117609 -0.748658
2.75546E-16 -0.75
-0.0118001 -0.751157
-0.0236366 -0.752129
-0.0355065 -0.752913
-0.0474068 -0.75351
-0.0593347 -0.753919
-0.071287 -0.754138
-0.0832609 -0.754168
-0.0952533 -0.754007
-0.107261 -0.753656
-0.119281 -0.753112
-0.131311 -0.752377
-0.143347 -0.75145
-0.155386 -0.750329
-0.167425 -0.749016
-0.179461 -0.747509
-0.191491 -0.745809
-0.203512 -0.743915
-0.215521 -0.741827
-0.227514 -0.739545
-0.239488 -0.737069
-0.251441 -0.734399
-0.263369 -0.731535
-0.275269 -0.728477
-0.287137 -0.725226
-0.298971 -0.721781
-0.310768 -0.718143
-0.322524 -0.714312
-0.334237 -0.710289
-0.345902 -0.706074
-0.357518 -0.701668
-0.36908 -0.69707
-0.380585 -0.692282
-0.392032 -0.687305
-0.403415 -0.682138
-0.414733 -0.676783
-0.425982 -0.671241
-0.437159 -0.665512
-0.448261 -0.659597
-0.459285 -0.653497
-0.470228 -0.647214
-0.481087 -0.640747
-0.491858 -0.634099
-0.502539 -0.627271
-0.513126 -0.620263
-0.523617 -0.613077
-0.534009 -0.605715
-0.544299 -0.598177
-0.554483 -0.590465
-0.564559 -0.58258
-0.574524 -0.574524
-0.584375 -0.566299
-0.594109 -0.557906
-0.603724 -0.549346
-0.613216 -0.540622
-0.622582 -0.531736
-0.631821 -0.522688
-0.640928 -0.513481
-0.649902 -0.504116
-0.65874 -0.494596
-0.667439 -0.484923
-0.675996 -0.475098
-0.684409 -0.465124
-0.692675 -0.455003
-0.700792 -0.444736
-0.708757 -0.434327
-0.716568 -0.423777
-0.724222 -0.413089
-0.731716 -0.402264
-0.739049 -0.391306
-0.746218 -0.380217
-0.753221 -0.368999
-0.760055 -0.357655
-0.766718 -0.346186
-0.773208 -0.334597
-0.779523 -0.322889
-0.785661 -0.311065
-0.79162 -0.299128
-0.797396 -0.28708
-0.80299 -0.274925
-0.808398 -0.262664
-0.813619 -0.250302
-0.81865 -0.23784
-0.823491 -0.225282
-0.828139 -0.21263
-0.832592 -0.199888
-0.836849 -0.187058
-0.840908 -0.174144
-0.844767 -0.161148
-0.848425 -0.148074
-0.851881 -0.134925
-0.855133 -0.121703
-0.858179 -0.108413
-0.861019 -0.0950573
-0.86365 -0.081639
-0.866072 -0.0681613
-0.868283 -0.0546278
-0.870283 -0.0410415
-0.872069 -0.0274059
-0.873642 -0.0137243
-0.875 -1.92936E-15
-0.876142 0.0137635
-0.877067 0.0275629
-0.877774 0.0413948
-0.878264 0.0552557
-0.878533 0.0691421
-0.878583 0.0830506
-0.878413 0.0969777
-0.878022 0.11092
-0.877408 0.124874
-0.876573 0.138836
-0.875516 0.152802
-0.874236 0.166769
-0.872732 0.180734
-0.871006 0.194693
-0.869056 0.208642
-0.866882 0.222577
-0.864485 0.236496
-0.861864 0.250395
-0.859019 0.264269
-0.855951 0.278115
-0.852659 0.291931
-0.849145 0.305711
-0.845408 0.319453
-0.841448 0.333153
-0.837266 0.346807
-0.832862 0.360412
-0.828238 0.373964
-0.823393 0.387459
-0.818328 0.400895
-0.813043 0.414266
-0.807541 0.427571
-0.801821 0.440805
-0.795884 0.453964
-0.789731 0.467045
-0.783363 0.480046
-0.776782 0.492961
-0.769988 0.505787
-0.762982 0.518522
-0.755766 0.531161
-0.748341 0.543701
-0.740708 0.556139
-0.732869 0.568471
-0.724825 0.580694
-0.716577 0.592804
-0.708128 0.604798
-0.699479 0.616673
-0.690631 0.628425
-0.681586 0.640052
-0.672346 0.651548
-0.662913 0.662913
-0.653288 0.674141
-0.643474 0.685231
-0.633473 0.696178
-0.623286 0.70698
-0.612917 0.717633
-0.602366 0.728135
-0.591636 0.738482
-0.580729 0.748672
-0.569649 0.758701
-0.558396 0.768566
-0.546974 0.778265
-0.535384 0.787794
-0.523631 0.797151
-0.511715 0.806333
-0.499639 0.815337
-0.487407 0.82416
-0.475021 0.8328
-0.462484 0.841254
-0.449798 0.84952
-0.436966 0.857594
-0.423991 0.865474
-0.410877 0.873158
-0.397626 0.880643
-0.384241 0.887928
-0.370725 0.895008
-0.357081 0.901883
-0.343312 0.90855
-0.329423 0.915007
-0.315415 0.921251
-0.301292 0.92728
-0.287057 0.933093
-0.272714 0.938687
-0.258266 0.944061
-0.243716 0.949211
-0.229068 0.954138
-0.214326 0.958838
-0.199492 0.96331
-0.184571 0.967553
-0.169565 0.971564
-0.154479 0.975342
-0.139316 0.978886
-0.12408 0.982194
-0.108774 0.985264
-0.0934025 0.988095
-0.0779687 0.990687
-0.0624766 0.993037
-0.0469298 0.995144
-0.0313322 0.997008
-0.0156877 0.998627
-4.89859E-16 1.0
