-0.402277 -0.706139
-0.402277 -0.706139
-0.402277 -0.706139
-0.402277 -0.706139
-0.402277 -0.706139
-0.402277 -0.706139
-0.402277 -0.706139
-0.402277 -0.706139
-0.402277 -0.706139
-0.402277 -0.706139
-0.402277 -0.706139
-0.402277 -0.706139
-0.402277 -0.706139
-0.402277 -0.706139
-0.402277 -0.706139
-0.402277 -0.706139
-0.402277 -0.706139
-0.402277 -0.706139
-0.402277 -0.706139
-0.402277 -0.706139
-0.402277 -0.706139
-0.402277 -0.706139
-0.402277 -0.706139
-0.402277 -0.706139
-0.402277 -0.706139
-0.402277 -0.706139
-0.402277 -0.706139
-0.402277 -0.706139
-0.402277 -0.706139
-0.402277 -0.706139
-0.402277 -0.706139
-0.402277 -0.706139
-0.402277 -0.706139
-0.402277 -0.706139
-0.402277 -0.706139
-0.402277 -0.706139
-0.402277 -0.706139
-0.402277 -0.706139
-0.402277 -0.706139
-0.402277 -0.706139
-0.402277 -0.706139
-0.402277 -0.706139
-0.402277 -0.706139
-0.402277 -0.706139
-0.402277 -0.706139
-0.402277 -0.706139
-0.402277 -0.706139
-0.402277 -0.706139
-0.402277 -0.706139
-0.402277 -0.706139
-0.402277 -0.706139
-0.402277 -0.706139
-0.402277 -0.706139
-0.402277 -0.706139
-0.402277 -0.706139
-0.402277 -0.706139
-0.402277 -0.706139
-0.402277 -0.706139
-0.402277 -0.706139
-0.402277 -0.706139
-0.402277 -0.706139
-0.402277 -0.706139
-0.402277 -0.706139
-0.402277 -0.706139
-0.402277 -0.706139
-0.402277 -0.706139
-0.402277 -0.706139
-0.402277 -0.706139
-0.402277 -0.706139
-0.402277 -0.706139
-0.402277 -0.706139
-0.401919 -0.706004
-0.397076 -0.704186
-0.394230 -0.703117
-0.390492 -0.701714
-0.389221 -0.701236
-0.385987 -0.700022
-0.381538 -0.698350
-0.377509 -0.696836
-0.375577 -0.696109
-0.355029 -0.688364
-0.351915 -0.687184
-0.351327 -0.686961
-0.351255 -0.686934
-0.344734 -0.684463
-0.344235 -0.684274
-0.343873 -0.684137
-0.340715 -0.682941
-0.334663 -0.680648
-0.332623 -0.679875
-0.331741 -0.679541
-0.330608 -0.679112
-0.327886 -0.678080
-0.323001 -0.676222
-0.321630 -0.675699
-0.321069 -0.675485
-0.315096 -0.673202
-0.309768 -0.671160
-0.308390 -0.670630
-0.306821 -0.670027
-0.303958 -0.668926
-0.276062 -0.658099
-0.275785 -0.657990
-0.270045 -0.655739
-0.267985 -0.654929
-0.263417 -0.653126
-0.262296 -0.652682
-0.252255 -0.648686
-0.247007 -0.646588
-0.242272 -0.644695
-0.241702 -0.644467
-0.239503 -0.643588
-0.237926 -0.642954
-0.232976 -0.640937
-0.232614 -0.640789
-0.230160 -0.639789
-0.229318 -0.639445
-0.223287 -0.636987
-0.206855 -0.630249
-0.188920 -0.622731
-0.182599 -0.620050
-0.178097 -0.618125
-0.176026 -0.617239
-0.173727 -0.616251
-0.171440 -0.615266
-0.170758 -0.614971
-0.164007 -0.612034
-0.162324 -0.611299
-0.156160 -0.608609
-0.153593 -0.607482
-0.151272 -0.606457
-0.142280 -0.602455
-0.141577 -0.602142
-0.140278 -0.601562
-0.136723 -0.599962
-0.130133 -0.596977
-0.125177 -0.594723
-0.118104 -0.591471
-0.117037 -0.590977
-0.114417 -0.589764
-0.113976 -0.589559
-0.109115 -0.587295
-0.109102 -0.587289
-0.107730 -0.586646
-0.105401 -0.585554
-0.101966 -0.583929
-0.097216 -0.581684
-0.088590 -0.577549
-0.085060 -0.575849
-0.084767 -0.575708
-0.081867 -0.574300
-0.080439 -0.573605
-0.078612 -0.572712
-0.059508 -0.563186
-0.056275 -0.561566
-0.053545 -0.560197
-0.053418 -0.560134
-0.050194 -0.558518
-0.046675 -0.556714
-0.046600 -0.556676
-0.045694 -0.556211
-0.038555 -0.552518
-0.029526 -0.547782
-0.027837 -0.546889
-0.024866 -0.545317
-0.021827 -0.543692
-0.017320 -0.541271
-0.016385 -0.540769
-0.014955 -0.540000
-0.012059 -0.538436
-0.009178 -0.536867
-0.007458 -0.535927
-0.002915 -0.533429
0.003768 -0.529721
0.004290 -0.529429
0.004619 -0.529245
0.005859 -0.528552
0.010422 -0.525991
0.015594 -0.523055
0.016849 -0.522333
0.017553 -0.521928
0.019951 -0.520549
0.021833 -0.519467
0.022237 -0.519235
0.025239 -0.517509
0.027394 -0.516270
0.031100 -0.514103
0.034268 -0.512245
0.034353 -0.512196
0.035866 -0.511309
0.036149 -0.511141
0.037413 -0.510391
0.038225 -0.509910
0.045551 -0.505542
0.047452 -0.504398
0.049248 -0.503312
0.058213 -0.497849
0.060282 -0.496574
0.070803 -0.490026
0.074047 -0.487982
0.074116 -0.487938
0.078870 -0.484915
0.079468 -0.484532
0.080774 -0.483694
0.081105 -0.483481
0.083541 -0.481918
0.083798 -0.481753
0.086833 -0.479794
0.088087 -0.478982
0.089129 -0.478300
0.091468 -0.476770
0.097396 -0.472879
0.098062 -0.472438
0.101282 -0.470295
0.104619 -0.468065
0.114867 -0.461123
0.115850 -0.460450
0.117094 -0.459599
0.118354 -0.458730
0.118784 -0.458434
0.119107 -0.458211
0.120944 -0.456941
0.122657 -0.455750
0.129070 -0.451261
0.141426 -0.442440
0.145084 -0.439780
0.145594 -0.439408
0.148313 -0.437424
0.151565 -0.435027
0.156495 -0.431356
0.156631 -0.431255
0.156829 -0.431107
0.156905 -0.431050
0.169624 -0.421398
0.170279 -0.420894
0.170480 -0.420739
0.171259 -0.420139
0.179033 -0.414081
0.184214 -0.409936
0.185704 -0.408743
0.190338 -0.405036
0.190709 -0.404739
0.192631 -0.403201
0.196798 -0.399790
0.197833 -0.398932
0.197913 -0.398866
0.200942 -0.396355
0.205398 -0.392633
0.205666 -0.392404
0.214242 -0.385104
0.215353 -0.384158
0.217640 -0.382193
0.217673 -0.382165
0.218215 -0.381694
0.220514 -0.379692
0.220998 -0.379269
0.222144 -0.378258
0.222463 -0.377977
0.226551 -0.374365
0.227733 -0.373312
0.231094 -0.370299
0.236966 -0.364961
0.237972 -0.364035
0.239039 -0.363052
0.247878 -0.354789
0.254007 -0.348909
0.259236 -0.343822
0.265113 -0.338013
0.268703 -0.334395
0.270028 -0.333048
0.270384 -0.332683
0.271163 -0.331886
0.274199 -0.328767
0.276605 -0.326270
0.283054 -0.319459
0.283657 -0.318822
0.285919 -0.316382
0.286284 -0.315988
0.292971 -0.308672
0.294764 -0.306675
0.295293 -0.306086
0.297071 -0.304085
0.299535 -0.301264
0.301321 -0.299210
0.305445 -0.294467
0.305709 -0.294163
0.309240 -0.289942
0.312596 -0.285930
0.313803 -0.284487
0.314985 -0.283075
0.321520 -0.274963
0.324138 -0.271630
0.327670 -0.267062
0.329599 -0.264533
0.331494 -0.262049
0.337887 -0.253360
0.338332 -0.252742
0.338608 -0.252360
0.340103 -0.250287
0.340859 -0.249238
0.340954 -0.249106
0.341010 -0.249029
0.345877 -0.242033
0.347624 -0.239464
0.347783 -0.239230
0.349713 -0.236394
0.354787 -0.228718
0.358004 -0.223679
0.359126 -0.221895
0.359264 -0.221668
0.360254 -0.220031
0.362814 -0.215796
0.363802 -0.214162
0.366173 -0.210240
0.366266 -0.210087
0.368061 -0.207039
0.368740 -0.205840
0.375841 -0.193040
0.376627 -0.191554
0.381284 -0.182486
0.383099 -0.178857
0.384613 -0.175724
0.387119 -0.170402
0.388937 -0.166388
0.389903 -0.164237
0.390974 -0.161798
0.391660 -0.160194
0.393595 -0.155616
0.393978 -0.154692
0.397578 -0.145594
0.399077 -0.141611
0.399077 -0.141611
0.399602 -0.140090
0.403849 -0.127794
0.403849 -0.127794
0.406156 -0.120346
0.406203 -0.120189
0.406399 -0.119516
0.406887 -0.117829
0.406971 -0.117542
0.407484 -0.115754
0.408046 -0.113739
0.408303 -0.112766
0.408809 -0.110847
0.410357 -0.104818
0.411945 -0.097958
0.412116 -0.097170
0.413429 -0.090670
0.414225 -0.086533
0.414993 -0.082025
0.415923 -0.075677
0.415935 -0.075590
0.416385 -0.072409
0.416600 -0.070550
0.417269 -0.064515
0.417605 -0.060769
0.418066 -0.053988
0.418159 -0.052423
0.418384 -0.046578
0.418403 -0.045803
0.418458 -0.041513
0.418467 -0.039627
0.418458 -0.037921
0.418282 -0.030771
0.418165 -0.027910
0.418046 -0.025703
0.417955 -0.024302
0.417779 -0.021819
0.417772 -0.021719
0.416793 -0.011860
0.416115 -0.006892
0.415190 -0.000943
0.414063 0.005077
0.413814 0.006265
0.413704 0.006789
0.410596 0.019611
0.409813 0.022370
0.407909 0.028547
0.407909 0.028547
0.407873 0.028656
0.407634 0.029375
0.406479 0.032784
0.404888 0.037027
0.404478 0.038122
0.404318 0.038548
0.401819 0.044864
0.401293 0.046086
0.399706 0.049671
0.398425 0.052451
0.398299 0.052712
0.397163 0.055073
0.397163 0.055073
0.396573 0.056236
0.393464 0.062251
0.393029 0.063044
0.392216 0.064522
0.392201 0.064548
0.387824 0.072011
0.385938 0.075013
0.384277 0.077523
0.383718 0.078367
0.382489 0.080219
0.382054 0.080852
0.380059 0.083690
0.379477 0.084495
0.374158 0.091503
0.373164 0.092767
0.372457 0.093650
0.371252 0.095120
0.371126 0.095272
0.368164 0.098765
0.367058 0.100030
0.364978 0.102356
0.354774 0.112846
0.351903 0.115565
0.351298 0.116120
0.350102 0.117217
0.350102 0.117217
0.345610 0.121185
0.343973 0.122579
0.342820 0.123543
0.339150 0.126536
0.338016 0.127435
0.335958 0.129024
0.334424 0.130168
0.329551 0.133802
0.329551 0.133802
0.328042 0.134867
0.327989 0.134905
0.327324 0.135374
0.326002 0.136302
0.325526 0.136626
0.316074 0.142820
0.311922 0.145354
0.310820 0.146004
0.306874 0.148295
0.306270 0.148636
0.303238 0.150322
0.298829 0.152685
0.297309 0.153473
0.296961 0.153653
0.296843 0.153715
0.295422 0.154441
0.293480 0.155394
0.291636 0.156299
0.288902 0.157641
0.285332 0.159307
0.284174 0.159837
0.283942 0.159943
0.278048 0.162524
0.277056 0.162958
0.276589 0.163152
0.271790 0.165131
0.271790 0.165131
0.271790 0.165131
0.271161 0.165366
0.269210 0.166095
0.261020 0.169156
0.258651 0.170041
0.257438 0.170494
0.256762 0.170747
0.256762 0.170747
0.254845 0.171403
0.254249 0.171607
0.246779 0.174039
0.242743 0.175274
0.241954 0.175515
0.240302 0.176003
0.221209 0.181065
0.219398 0.181500
0.210738 0.183427
0.209952 0.183592
0.203948 0.184805
0.202001 0.185190
0.202001 0.185190
0.199813 0.185600
0.194466 0.186556
0.193971 0.186642
0.185470 0.188030
0.181420 0.188614
0.180103 0.188803
0.179414 0.188902
0.178944 0.188970
0.178654 0.189012
0.171501 0.189967
0.167085 0.190484
0.159706 0.191299
0.157843 0.191488
0.157016 0.191565
0.154599 0.191792
0.153119 0.191930
0.153067 0.191935
0.148301 0.192339
0.146006 0.192517
0.143378 0.192715
0.139816 0.192959
0.130196 0.193512
0.127571 0.193631
0.124881 0.193752
0.119225 0.193939
0.115187 0.194072
0.112907 0.194116
0.110862 0.194152
0.107806 0.194206
0.105526 0.194247
0.103150 0.194254
0.100908 0.194262
0.097460 0.194273
0.095219 0.194279
0.091567 0.194254
0.087869 0.194206
0.083406 0.194129
0.081604 0.194090
0.075539 0.193925
0.066126 0.193567
0.055768 0.193052
0.053430 0.192913
0.046484 0.192475
0.046100 0.192448
0.044866 0.192362
0.042786 0.192216
0.038790 0.191915
0.038047 0.191857
0.037018 0.191776
0.033312 0.191482
0.031055 0.191292
0.024104 0.190668
0.021283 0.190405
0.017378 0.190021
0.015908 0.189870
0.014821 0.189759
0.013580 0.189631
0.008443 0.189084
0.005590 0.188767
0.005421 0.188747
0.001949 0.188349
0.001743 0.188326
0.001048 0.188246
0.000444 0.188175
-0.000800 0.188027
-0.003605 0.187683
-0.004855 0.187531
-0.011423 0.186709
-0.014579 0.186297
-0.014812 0.186265
-0.015191 0.186214
-0.017188 0.185945
-0.026468 0.184659
-0.026686 0.184626
-0.026969 0.184584
-0.030407 0.184066
-0.032122 0.183807
-0.034910 0.183387
-0.035756 0.183260
-0.039237 0.182735
-0.043688 0.182064
-0.044002 0.182014
-0.051374 0.180823
-0.053685 0.180434
-0.068933 0.177793
-0.069076 0.177768
-0.084957 0.174854
-0.086256 0.174608
-0.086256 0.174608
-0.088647 0.174138
-0.100987 0.171716
-0.110533 0.169765
-0.110932 0.169682
-0.117979 0.168201
-0.124484 0.166810
-0.134011 0.164688
-0.135104 0.164444
-0.141311 0.163054
-0.141896 0.162923
-0.147728 0.161618
-0.152122 0.160635
-0.156877 0.159532
-0.178470 0.154392
-0.181695 0.153607
-0.184822 0.152845
-0.187719 0.152137
-0.189339 0.151737
-0.192510 0.150954
-0.194488 0.150465
-0.200791 0.148891
-0.209313 0.146745
-0.216003 0.145050
-0.217426 0.144686
-0.223599 0.143108
-0.223803 0.143056
-0.224353 0.142914
-0.225301 0.142671
-0.233238 0.140624
-0.241634 0.138450
-0.245215 0.137519
-0.255661 0.134793
-0.258632 0.134016
-0.258644 0.134013
-0.260209 0.133603
-0.263085 0.132850
-0.269331 0.131214
-0.279283 0.128606
-0.289717 0.125874
-0.297273 0.123902
-0.297785 0.123768
-0.298211 0.123657
-0.299525 0.123315
-0.302957 0.122425
-0.304514 0.122021
-0.307554 0.121233
-0.311812 0.120129
-0.317423 0.118686
-0.317509 0.118664
-0.318311 0.118459
-0.319698 0.118105
-0.321485 0.117649
-0.322254 0.117452
-0.323687 0.117086
-0.330865 0.115253
-0.332264 0.114898
-0.333206 0.114660
-0.334011 0.114457
-0.335285 0.114135
-0.336165 0.113914
-0.336972 0.113712
-0.340143 0.112916
-0.341419 0.112597
-0.344425 0.111849
-0.344689 0.111783
-0.344887 0.111734
-0.345176 0.111662
-0.345184 0.111660
-0.345487 0.111585
-0.345834 0.111499
-0.345932 0.111475
-0.346413 0.111356
-0.347365 0.111121
-0.348040 0.110954
-0.351979 0.109984
-0.352918 0.109754
-0.353535 0.109603
-0.354051 0.109477
-0.354723 0.109313
-0.354930 0.109262
-0.356024 0.108996
-0.359449 0.108165
-0.360016 0.108028
-0.360311 0.107956
-0.360728 0.107856
-0.360736 0.107854
-0.361771 0.107604
-0.361876 0.107579
-0.363141 0.107275
-0.363796 0.107118
-0.363909 0.107091
-0.367211 0.106303
-0.367588 0.106214
-0.367619 0.106207
-0.369050 0.105867
-0.369630 0.105731
-0.371461 0.105299
-0.372052 0.105160
-0.372541 0.105044
-0.373026 0.104930
-0.374931 0.104484
-0.375458 0.104361
-0.376691 0.104074
-0.377440 0.103900
-0.378291 0.103703
-0.381906 0.102871
-0.382107 0.102825
-0.382550 0.102723
-0.383907 0.102413
-0.384071 0.102376
-0.384464 0.102286
-0.386241 0.101884
-0.386455 0.101835
-0.388007 0.101485
-0.388358 0.101405
-0.388841 0.101296
-0.389288 0.101196
-0.390577 0.100908
-0.390642 0.100893
-0.390757 0.100868
-0.391752 0.100645
-0.392134 0.100560
-0.392923 0.100385
-0.393093 0.100347
-0.393149 0.100335
-0.393632 0.100227
-0.394426 0.100052
-0.395097 0.099904
-0.395135 0.099895
-0.396098 0.099683
-0.396456 0.099605
-0.400592 0.098704
-0.401416 0.098525
-0.401989 0.098402
-0.402760 0.098236
-0.402782 0.098231
-0.402867 0.098213
-0.404327 0.097900
-0.409270 0.096853
-0.631564 0.085087
-0.635365 0.086013
-0.638558 0.086849
-0.638697 0.086887
-0.640280 0.087323
-0.641355 0.087627
-0.641355 0.087627
-0.643653 0.088300
-0.643653 0.088300
-0.643653 0.088300
-0.644301 0.088497
-0.646661 0.089227
-0.647616 0.089533
-0.650730 0.090570
-0.651259 0.090753
-0.652148 0.091063
-0.652148 0.091063
-0.653866 0.091678
-0.654528 0.091920
-0.656348 0.092602
-0.656786 0.092770
-0.657496 0.093045
-0.657722 0.093133
-0.658404 0.093401
-0.659181 0.093715
-0.661919 0.094839
-0.662497 0.095085
-0.662538 0.095102
-0.663157 0.095367
-0.663206 0.095389
-0.663206 0.095389
-0.664399 0.095920
-0.666460 0.096837
-0.669633 0.098334
-0.672752 0.099892
-0.672791 0.099912
-0.673534 0.100301
-0.673613 0.100343
-0.675095 0.101120
-0.675325 0.101243
-0.675325 0.101243
-0.675808 0.101510
-0.677871 0.102647
-0.680003 0.103865
-0.682672 0.105462
-0.682776 0.105526
-0.682948 0.105632
-0.684965 0.106896
-0.686557 0.107952
-0.686909 0.108185
-0.689160 0.109678
-0.689160 0.109678
-0.689307 0.109779
-0.690793 0.110823
-0.692241 0.111860
-0.692241 0.111860
-0.692241 0.111860
-0.694123 0.113253
-0.695055 0.113962
-0.700997 0.118779
-0.701803 0.119477
-0.703145 0.120659
-0.705902 0.123191
-0.706097 0.123371
-0.707719 0.124930
-0.707719 0.124930
-0.708326 0.125527
-0.714482 0.132014
-0.714482 0.132014
-0.714876 0.132474
-0.717379 0.135392
-0.717874 0.135969
-0.717874 0.135969
-0.717874 0.135969
-0.721133 0.140137
-0.722641 0.142066
-0.722641 0.142066
-0.725642 0.146278
-0.728293 0.150281
-0.734257 0.160474
-0.738283 0.168490
-0.739357 0.170840
-0.740954 0.174890
-0.743275 0.180774
-0.745087 0.185387
-0.745952 0.188096
-0.747927 0.194433
-0.748916 0.197952
-0.751054 0.206744
-0.751249 0.207618
-0.751435 0.208493
-0.751747 0.209991
-0.754835 0.229587
-0.755156 0.232516
-0.755798 0.240487
-0.755919 0.242026
-0.756291 0.248777
-0.756304 0.249099
-0.756329 0.249751
-0.756466 0.257245
-0.756496 0.258893
-0.756498 0.260454
-0.756483 0.262604
-0.756472 0.264248
-0.756349 0.268935
-0.756287 0.271272
-0.756090 0.275198
-0.755890 0.279195
-0.755765 0.281043
-0.755715 0.281783
-0.755218 0.288069
-0.754576 0.294304
-0.754410 0.295915
-0.752989 0.307202
-0.752690 0.309175
-0.751962 0.313994
-0.751646 0.316005
-0.751611 0.316213
-0.749292 0.328974
-0.748077 0.334919
-0.746384 0.342571
-0.743547 0.354227
-0.743156 0.355722
-0.741061 0.363414
-0.737166 0.376913
-0.735982 0.380713
-0.735494 0.382274
-0.734715 0.384725
-0.730828 0.396380
-0.729333 0.400658
-0.728947 0.401749
-0.728416 0.403196
-0.728126 0.403986
-0.726067 0.409591
-0.725659 0.410704
-0.724403 0.414108
-0.723676 0.415991
-0.722833 0.418175
-0.721993 0.420347
-0.721351 0.421971
-0.719510 0.426462
-0.714022 0.439845
-0.714022 0.439845
-0.713892 0.440144
-0.710799 0.447266
-0.702925 0.464587
-0.702645 0.465179
-0.700130 0.470472
-0.699667 0.471429
-0.699000 0.472807
-0.693362 0.484247
-0.693109 0.484733
-0.692742 0.485441
-0.691477 0.487878
-0.690979 0.488837
-0.689934 0.490851
-0.683570 0.503109
-0.683447 0.503346
-0.679482 0.510721
-0.668940 0.529552
-0.664382 0.537405
-0.661579 0.542108
-0.660896 0.543256
-0.660000 0.544759
-0.654908 0.553216
-0.654761 0.553455
-0.650833 0.559814
-0.647572 0.565094
-0.645508 0.568392
-0.642634 0.572916
-0.629764 0.592650
-0.629434 0.593144
-0.626796 0.597020
-0.623330 0.602113
-0.619245 0.608117
-0.613692 0.616200
-0.608950 0.622945
-0.599281 0.636383
-0.588862 0.650619
-0.588296 0.651380
-0.585531 0.655077
-0.585019 0.655758
-0.584980 0.655811
-0.579399 0.663198
-0.573614 0.670769
-0.572306 0.672466
-0.570600 0.674664
-0.556326 0.692844
-0.554109 0.695622
-0.551682 0.698643
-0.550294 0.700360
-0.549973 0.700757
-0.548292 0.702835
-0.544453 0.707581
-0.532594 0.721933
-0.530960 0.723906
-0.528263 0.727164
-0.527695 0.727850
-0.526061 0.729824
-0.522891 0.733596
-0.521662 0.735054
-0.520287 0.736680
-0.513616 0.744503
-0.512093 0.746277
-0.505896 0.753488
-0.504340 0.755286
-0.503007 0.756821
-0.497534 0.763093
-0.497452 0.763187
-0.495063 0.765915
-0.494200 0.766901
-0.493461 0.767736
-0.493186 0.768047
-0.492913 0.768355
-0.484308 0.778080
-0.484115 0.778298
-0.467141 0.797168
-0.463160 0.801540
-0.461779 0.803051
-0.461151 0.803738
-0.458207 0.806953
-0.449601 0.816291
-0.447461 0.818598
-0.446341 0.819806
-0.443241 0.823134
-0.437841 0.828911
-0.437762 0.828996
-0.428237 0.839126
-0.425042 0.842511
-0.420721 0.847059
-0.418436 0.849463
-0.416763 0.851220
-0.413747 0.854375
-0.413621 0.854507
-0.412439 0.855742
-0.408503 0.859848
-0.404861 0.863623
-0.400590 0.868051
-0.397469 0.871286
-0.392442 0.876472
-0.383036 0.886113
-0.381780 0.887393
-0.374282 0.895041
-0.367968 0.901459
-0.365513 0.903944
-0.359991 0.909522
-0.348144 0.921434
-0.347803 0.921776
-0.342534 0.927041
-0.341316 0.928257
-0.339448 0.930122
-0.326643 0.942881
-0.323053 0.946443
-0.319354 0.950107
-0.314597 0.954809
-0.308847 0.960488
-0.304432 0.964842
-0.304398 0.964876
-0.291226 0.977823
-0.290066 0.978962
-0.287768 0.981215
-0.284234 0.984676
-0.279004 0.989795
-0.268922 0.999647
-0.266840 1.001677
-0.260916 1.007450
-0.259167 1.009153
-0.255115 1.013102
-0.252788 1.015369
-0.247887 1.020138
-0.242923 1.024964
-0.236758 1.030953
-0.236176 1.031519
-0.234983 1.032677
-0.221333 1.045920
-0.219597 1.047604
-0.218843 1.048336
-0.215659 1.051424
-0.215026 1.052037
-0.209567 1.057330
-0.203419 1.063287
-0.187386 1.078817
-0.181060 1.084944
-0.181023 1.084980
-0.169497 1.096143
-0.167651 1.097931
-0.166998 1.098563
-0.166998 1.098563
-0.166998 1.098563
-0.166998 1.098563
-0.166998 1.098563
-0.166998 1.098563
-0.166998 1.098563
-0.166998 1.098563
-0.166998 1.098563
-0.166998 1.098563
-0.166998 1.098563
