5.461821939040839
5.7228750372518045
1.6606300235581193
2.536543239000834
4.779620514969963
2.3098412979389513
4.760380313015553
5.064773202463338
4.740324044108998
3.6148551075224296
5.762186848899489
5.258236396849776
6.130470336709093
4.722132335352941
2.6420450060156937
0.8532682611055363
2.272090959406543
1.9321769661879218
3.760539497649674
2.7373114398192575
5.175719241488248
1.0237757290407499
1.4590821878211278
2.4318396499161707
4.562661716928394
0.30694367393058075
5.384400155977802
0.9634075569577999
1.257454609314517
2.5313735925549072
1.0297654434702648
3.9923326422320056
5.850389825401643
3.2722707897666945
2.561939867510579
4.072152441409357
5.286340529206454
2.4100014800697585
3.5906616134413896
0.15181257013724694
0.7899176784705924
4.968515653518073
3.5625508051861803
1.794744101756902
1.337864715520883
6.077151568800205
1.2346451006505719
4.405488885893047
2.640671604190093
6.3528703094067
1.170342479701935
6.007516746762712
3.2954055050220106
3.7398747247602824
3.766082293637228
1.1870734598071622
2.7243078277130675
4.572541734650215
3.794384770645426
1.150830593845866
4.070942988221857
0.9538803904382037
4.670732509362594
0.6649090735057167
5.917116614688926
1.0916801169060772
3.8011798177426646
3.551192776473562
5.228791296398886
2.51664275039086
0.8666292643514115
2.7168876388628966
5.037290251367184
5.672943610463193
1.6801063196406048
1.837973022401997
5.914807855291816
4.771350462425668
0.39868261657114185
3.3713492364803868
6.224378214884467
1.6031080473329151
2.9828966745485785
2.7361767358197375
0.651677568807032
4.17658219962019
1.9551549307967946
1.327603738661685
3.4900872812915065
5.460220243276921
6.289943043933272
1.910042494553723
2.680776752884218
2.8755493279676716
5.1644272448312725
6.029925282192655
4.313110746794079
5.38055844089287
5.639558691603388
5.212035505932608
4.229292096262941
3.6614536205023693
0.7220235836482538
2.0309465164301392
2.236395694782913
3.777353985788745
2.6779522770277673
6.218412414074149
3.2804549407336583
3.7364572986391824
2.1033859544870124
2.5772760983388614
1.0134474572116305
2.7058706509308816
4.553394470018255
4.045387221753939
4.941989842931775
1.7620577829405581
0.4695540640771635
2.2691734539172943
2.0403097657408535
0.6310587642706555
5.396703355962554
2.4018434125548116
0.9552965887763942
5.796555231633924
4.96320115047263
4.303431923598427
5.585603912198557
3.0123933631995765
1.2425459735083386
0.1823528794661188
0.47038789438830286
1.5176289105953826
0.45672481304273693
5.384359147377427
4.8408319615046205
2.13106882745316
1.6428563315423492
1.0972684180609729
2.206611293592116
0.3025057181879849
1.7912645761567225
1.2953560921907246
0.7037087336886051
3.5802865277939517
0.057236097407640685
4.524473677949771
3.867973292654501
1.0386742911193416
1.4448550511490383
2.9202892555719413
0.0044620965812499315
5.812704142814719
5.2888930092026465
2.011831525327663
0.6290751733555197
1.404003437031061
5.043548456889792
6.180324661441369
3.2237895113078046
0.44905974830971374
2.401701536394518
2.5821788702117883
6.352234522330077
5.079698405530114
0.49168312177724277
5.515953965650083
5.109169974221405
0.5331248844695278
0.023746510409964137
5.010859739712002
2.128181523336463
2.980520877756326
6.3469318734381455
4.041443500142833
4.406768064816317
5.5008399745860785
4.054662021608461
1.4667885684106614
2.7152338649753003
0.5694271082208762
4.33864911451555
3.9420620989698962
4.794355252615965
3.9754069318709195
6.355735068503601
4.828508792430581
1.22175359571628
1.191235193169619
6.258158190565448
4.114015983601385
5.897276012566772
3.554010855977103
5.782531314456061
0.5719067560940337
4.794678823884765
2.512904531180679
0.5024198062361718
4.696567863560894
2.436097764449555
5.317343365542944
5.641298019108967
5.048478475352596
2.1910408018357113
1.7567750640519957
5.683467742355941
3.7933333355447596
6.031672888725582
5.458612408950941
1.0454967469694303
6.13182441591261
1.9693248131491066
6.100290588367039
4.377516190982359
1.9590996414313184
1.5467113448892995
2.9000232301723665
0.7484171302535555
3.1151098889803137
4.683306220106021
2.683595201104787
2.2038266077948014
3.1139965118755817
4.3291909041015035
2.084257227632126
2.837499022452287
2.0320226663339342
6.298599293302621
2.451368973157655
6.345677493649095
4.88911106429968
3.7445564262352438
5.61154193461662
4.7309232714701945
0.6696042727811435
1.6942816802645353
0.7730002678264928
6.106159645197971
2.3195613897912617
1.9513992465824614
2.3592083770492116
2.604294731244042
2.117521800077298
5.785073283910273
3.7134675742615704
1.851054534068336
1.3710697296639363
0.8041525552000612
0.35268364266546554
5.002821346019791
4.36902256188807
6.053038950858517
5.264812870187147
2.7480167159922213
4.860835338443677
0.6592430920257987
3.7033289728481535
0.5226621094746631
1.8182879155743616
2.3748298177856983
3.0042483992074134
3.7506467699807717
2.717182155435445
2.571017970307765
5.3732002631623805
3.6302014300600898
0.7859199067030269
6.06130327081636
4.711448729405023
5.643296074889757
3.2833939915336994
3.9438011316535846
1.5991199714339432
6.34149004839193
4.5520768134484735
3.18342534571185
1.7648384338150012
3.809052417680357
5.459289646211398
0.9364633560535662
6.14385950591727
1.0842002504665644
5.1122466754268725
1.1466059924141379
5.447729458429082
4.7530537635516605
3.081659125076614
4.358372637938001
2.5628111530538407
2.2735808219952442
4.952889126358314
0.07583861721312972
3.9952216814641206
0.06785920099512732
2.118879856826386
1.8878191233654809
2.787514064593112
4.272773232089557
0.2848686078998988
4.809308142071505
3.5330479913333908
5.109169974221405
3.4334096937299003
4.842590316214843
5.182981262156729
5.0035722525386195
2.5087729173921045
5.242921707891218
0.727302612348048
4.471265502081326
5.560358943204761
0.23022982836148545
4.443263042861576
4.2521583739389115
1.7506215228488362
5.9193303232627015
3.1283551350834915
5.841746525182853
3.0760021407226183
0.559631082405902
3.960645124610337
6.320632103592381
3.485929706657524
4.164043182750314
5.059623071049785
1.6090258456797093
6.199037212661449
2.860485398857955
6.317281975215731
3.6878238367510874
5.960973160773268
6.220355344318796
0.2607134632456628
5.221644439071563
1.8245668591368458
1.1089405462434723
0.0
0.02284331093109574
2.3310092433253295
3.726834430886161
0.08405288209877262
2.9963865183402136
1.1284663539815833
1.2108609731394115
4.350469126102284
1.0079006512314124
6.345753125523618
3.479704753183966
6.3406342278433065
3.939526237553804
1.120663842624224
0.43662991357384334
2.1633641545359965
2.767430181327961
2.767069794738083
3.6597570294907062
1.8586439226470735
1.0400118723666643
0.9068355821752417
5.162049374600431
4.48161871045795
5.206163319200439
3.3146096265022447
5.953799964679582
5.533213173354186
2.2283319524705174
0.700702688747047
0.3409200280757545
2.8043772929482373
0.8723823491521518
5.151434199546926
5.275647042875204
3.1438318239766265
6.16044353490589
5.198358672184383
0.34040850412138435
5.799949672502678
0.9391136207217947
3.035805680136311
5.0237352949449265
2.416512371722835
1.6171925708041726
0.5564862837894056
0.144349967045817
2.0659423083598
0.5880564780594302
1.6813608970345335
1.9227597050847274
6.355735068503601
2.2645967697591085
1.489814002392149
5.4650696624300545
4.293272040052933
1.8183948649254729
5.123877714599957
5.388114804034653
4.398256946751903
0.7630218282582344
5.1014349254624225
2.0979264810460534
0.2874218478279772
3.5006306138648564
2.1279113639821845
6.003946293465092
1.6450888746938672
4.658719402401918
3.0299507129085645
1.7595774680985785
1.7876719550963747
3.214047179907093
4.830923660914249
0.0
4.098773664004291
2.1165029269704907
0.9927931105795982
2.0597705042452787
0.231882597283155
2.4258893969788753
2.9219133102936907
0.3219576856767502
1.7207143103844442
4.91511580196453
0.8522355586225345
0.8394739414747096
4.18084355155371
3.350710790333976
2.12915279356793
2.9334375384052973
5.355604051151043
6.259442347257756
1.1703299969727836
2.2123183789430607
3.4090516520411116
5.482379477065622
0.03639734551759048
3.1114671783004204
3.143860872564399
4.612188519741669
6.020726429911895
3.88959566754726
5.098224858115591
0.7976688086157201
0.9369252877671576
1.1527038930048097
4.820301879924371
4.297231777610545
4.79199517674251
2.6565418697567615
3.1384750412282583
2.8030254264950494
2.6192142167011747
5.695101318206841
4.024035291136586
0.42532185085298213
6.343779404052382
3.3134559779444506
3.8222435268098898
3.6732592484127755
1.868686504060623
2.7227080187739587
4.017539777136003
2.8387877812595126
3.9588857080199564
2.2764069263432463
3.8950247364157446
0.6655210633624715
0.6159390064292368
4.894873372084534
5.7264578046828625
0.4479845499383955
0.6715633329483328
3.645652491686583
2.6448791772222755
1.213965294346625
4.291976056640841
4.197988919191208
2.6926079596433623
1.9453923904995127
2.8752729126293466
4.201480378492777
5.301233978907178
4.261951048155643
4.022966015363815
4.183358056743476
1.0162249018264007
4.6431186496429575
4.4903055471899
1.6959667656257695
5.804168249315264
4.9540744977457996
1.9658586010266774
2.55620174256538
3.2852153179725225
6.1875477188168615
0.4425834724754123
4.633720568032135
5.960348779150808
3.954029481207284
3.6238730624140496
0.5719716700178522
3.184546170545228
3.591382029867504
5.6312308467846615
5.317228464704399
4.651711138636165
1.667039848002057
1.2433051138266578
3.9298936837161924
3.469082372086361
0.8664266678522285
3.959915489242663
5.829351243873941
4.1576105669425285
6.263464123138002
3.80651460951951
4.282093201265126
4.556644635850248
5.593778559037041
0.35553847568037716
4.809464914323645
2.854240764525833
0.833750864068349
0.04060824655150388
5.874486358339652
5.818205778792097
0.04844759833495139
0.4837368516378755
5.727715790447311
5.220383367753516
4.226938075119172
2.128695184230797
5.735961871402272
1.3167167211743318
5.270654833968975
4.648252118668253
2.343178428241738
2.0648557532346263
0.6631812465989811
2.7330706630544066
2.202493632590753
2.9074791010067007
2.3314034871735503
4.062785365514651
5.607162823948719
0.5188592919603234
5.277734356716129
2.6718893358362923
1.0366084616793572
5.256315151534292
5.839021957422358
5.116630571530834
0.19430731087529846
2.0542691803065596
3.6624481809249136
2.2395873321474
0.13511354866288172
5.252686090659232
5.224693965280073
2.5173524461830667
0.6161156745793861
4.373312403601629
5.069117429262023
1.7811151230790525
3.1982120770266644
0.5741745504799024
2.2544204804232377
0.42857605927201076
2.3681350877318437
6.165905631072757
1.7838270866384773
3.859269059836044
1.6016904498047981
6.0016234169858205
4.262901756502038
6.147329559785457
1.1768173170267173
4.222365569712253
5.940344417202916
1.197685066538769
2.858952688086963
2.3663629097005354
5.492604442639662
1.8787061553625788
0.6262472348199624
2.6394950534376656
5.411822699391048
4.336144467419075
4.015516073130649
1.3990809343674495
6.120210933471624
2.4445440627739936
5.259117102385915
1.72335252988713
0.24813061288247767
6.317457613479153
4.4024956129940795
2.894749033332643
1.5205097031901949
2.243758423110385
5.8159228796884
2.799869598490631
2.7235705480812777
5.665155900348573
3.496742078877848
5.864616853706307
0.5294086715685417
5.873253581994405
1.5165397694348008
5.271476399193533
5.222113074705506
0.7120635021932038
5.438098817131301
0.20556934433792237
2.9932925314587004
0.14672200815087844
5.928063262317699
3.8284027545126555
1.6035159244972532
3.450722714898328
4.221968255707063
0.802561599323603
3.9883304925866216
1.2232887748622308
0.14097433076721447
3.83977374051686
4.81137161852034
1.722285550534006
0.01878059516550256
4.001465603326085
3.8404108077245276
5.71281487142107
1.810291830986619
1.5541743519010056
2.278244656149897
3.784228754175493
5.159675404428852
6.333514779872567
4.6317471171572056
1.3665204673379239
5.050554236775095
2.0420672770846666
0.5128511132384419
2.554021153678391
2.557103294623725
2.67500507759085
0.45601327999395747
5.091640284889088
1.3528697753076016
5.2732289685102245
0.5769459925249231
1.6743794581581886
5.665804993798112
3.355097347581676
4.348292839381746
4.320093959342571
0.6045293604295098
4.220452016423661
1.629688817556127
2.4256521564894404
5.308732392387411
3.19119022240041
5.6453543709789695
3.074537108609055
1.555173610566075
6.138191076361844
5.7763255216146145
0.8645902848295273
1.0291687995815426
4.121032338498749
0.8280460268320361
1.4762506005225469
1.783998339320681
1.6739926756078296
2.440403689547684
5.6443429032067485
1.7404855666766976
0.17998148009111764
1.2117373124621944
4.618656666482546
6.107236134139494
5.353243628314633
5.424289317048982
1.589595781657682
3.598267995610005
5.6999930740801545
2.7010742421725524
0.09247259890712219
3.5831613902714055
5.611596599426131
1.4646699960386005
0.37737377597908034
1.0636354609832859
5.433368863051239
4.9568967259537935
4.5919595274796805
5.314330936111597
2.424863978772727
2.7548149063802354
4.36209143842446
2.2319572200567057
1.4223175554676943
3.3093670994508115
0.48980734665371045
6.147448216175468
6.079599991288501
1.2887128380700485
2.4520612650440574
6.041527005740895
5.958533396252082
5.637979659417559
6.003863355608032
4.297742543056178
4.628407573575837
0.8445814768279659
0.37886708288298754
5.2308497031839165
4.001655281077668
1.0627339314530784
1.0704039060198773
3.6766650658325037
2.0622123883826124
5.431084008023696
1.7459718512984155
1.3017184957143533
2.3378759671495746
6.215368115586263
0.9329022190723933
0.42113051182690775
2.845427401570483
1.5108223361450912
4.0025781115287264
2.552445474856354
4.575567676710264
3.9380755118197426
2.1970376855667793
4.31819551852013
2.9141613322387396
2.356259199554918
5.632057674827046
0.9309117429491363
0.9323570885421569
5.436827970465691
0.38574260852597514
3.033672603801106
1.0210484499092745
2.6335096527650252
1.3629287917732362
4.723332596622888
1.0185420204224098
3.226571856995992
6.335524816276285
0.6210650851488145
4.301087137215046
4.220347471092606
4.475228286142737
4.0957719180220336
2.9698253115113156
4.189569134096978
0.31428680442274953
2.1907284545305563
5.45426138483939
3.601675511483412
4.924352958383992
1.143047248985834
1.1875690696556453
2.461765807462609
4.16159511689624
3.158700813292719
6.200617536822133
2.0528072896602687
2.0985624036775956
3.5116149400017136
5.546070144722425
1.8546778184800854
2.918410678681882
5.311205375157368
3.031514270273092
2.7146549095267836
4.9530007230116215
1.645354995849262
5.01457930687238
2.3185075514732567
1.2606979296138587
5.707717299056137
5.671864082200565
1.449203360576321
6.3394932301873625
4.600769548872091
5.408606676605265
4.514886433920771
0.44917972789238964
3.643891837933505
2.826913015066142
2.817838323781635
1.5816935954511162
3.8332997774307
0.3422183747265223
2.6321428632551656
5.983605700026771
0.2645413344172027
5.5379013106892145
0.586973427998402
2.1595645921620394
1.1435069978104997
2.272518550262697
3.366210977981848
0.9842606683096207
0.3979851333203847
2.0834559611227776
2.4756226506915886
4.086780862234306
5.014513866907386
1.7825060609095327
5.059918564188787
6.148362535999111
1.2971216234862044
4.460484367449232
3.3272695871696842
5.28805864771563
0.2827129883492003
4.879662846044233
4.444158302202845
3.6652148096106836
0.5043636990768284
2.453511060679702
1.727126109507244
1.6094433687860097
4.091255963805064
0.45033061893591886
0.5778470805631784
2.990273690083152
3.720848459313607
3.3356333371328817
0.6361593760171104
3.3955556642252644
3.9788888554068937
4.110038354190846
2.0394012046930396
3.8349330802066266
4.321783985939435
2.173119853390939
6.19699639472497
4.053268064701645
3.4851480702354385
1.8124012215037049
3.1494034826830632
2.254929969958379
1.6714673273675735
5.146138686560135
0.14723293541120022
3.5052752170560164
0.9920049615850147
0.6163148919458237
3.89592862326809
4.545971046916656
1.7682314413097335
0.18531898335187005
0.882804136848431
2.7627113216753263
0.4975389031247254
0.20639453463205573
3.4349406882883318
4.353862237082258
5.445050285437501
6.0206260331609665
4.207759431638903
4.289585100326528
5.889813991482884
5.877856726748094
6.355735068503601
0.7220253670367393
2.09791247292568
1.7286746307602983
5.962679036947345
1.8440146355557556
4.7516141668636465
2.5560405925132503
0.9164514257098005
3.3332042304360123
3.042624675560759
5.305038738364557
4.276222972663042
5.012767381461625
5.169229973299419
1.0582676317729853
2.1499723650021396
1.8336905694122405
0.21254344088156024
3.665214733379282
5.668729214140102
0.7286907035324377
6.3474366037788235
1.9712381847671026
1.4829729112072514
4.097117980879807
4.1520990171128975
0.26414231404042393
1.199351667474919
3.363390937250761
1.9029577778907758
4.7112961610167
1.9761993671118503
0.9143707885522983
4.214654445041984
0.6012975362144608
4.159623973369565
2.8844688566427736
2.4613340959388257
0.36473576998888596
2.6560538598301027
3.4990694479156232
2.441955598354228
0.057546135489814534
2.686303382814281
4.061059679655049
0.21146671807420694
1.5666780293548541
5.679303410981246
2.261777392449759
5.633181063578171
2.8424548528822453
6.025585634857386
1.4757669301768725
6.342802389298924
0.260241262852898
2.9690867958909464
2.422305236866901
1.2301969517592026
4.861074741877606
1.9574839582283314
3.4508419407614164
3.7038132452155352
5.904579624099995
0.18429451494751012
1.2341854257915206
4.928037866215015
4.728334211717548
1.6335191061606968
3.6660970868275413
6.024036712378215
0.7230977759560495
4.889611415143082
1.0351083887353134
2.4731168731263646
4.366950612528907
4.503536620316372
4.473478775218911
6.187903963793588
5.634658230171419
2.406851331288683
3.573067384164592
5.283187868491825
2.919430739367973
5.658012249630055
0.08761430901479542
1.4734037927682557
0.9619667448747908
3.196115197653052
5.8572565710178
1.2060029012899154
5.588323865742386
3.427921704421679
0.9934785104911197
2.2037583303700647
1.7246732555239903
1.889836097614175
3.6227151723681286
3.4336190481033446
3.882282086213509
3.9201489810959873
4.918227990466445
4.379009175890247
1.5897489975342771
6.2213686350583375
0.6972108244504276
1.317519214027209
2.983730157582477
3.3068015254452483
5.244881585380796
2.5734397553859747
6.0584997934981955
4.8776001681882235
1.5303137242648586
0.5897880582458666
4.3457981050031975
5.001540678882856
2.764118426766309
0.9526291893449392
0.576265057671946
3.1134551017929497
0.16040444561444608
4.383647049851849
3.6764513747572867
5.219183676218772
6.283723729643762
5.815730981177723
5.99919495448953
4.714980498375787
5.359370194627141
