9.649595947520994E-4 1.0001320943814525
-0.0125534604920269 0.9981046304897587
-0.022537933621014593 0.9966013425171002
-0.04712294302581104 0.992850540697593
-0.073978987359171 0.98852276713283
-0.1232176605067312 0.9798607618306434
-0.14370481478709693 0.9757851154854472
-0.16019720825299044 0.9720749489462915
-0.18030670661063278 0.9669967795159636
-0.2015109329403374 0.9610320773888814
-0.22560880787521492 0.953598277460113
-0.2530641906030695 0.944332929476897
-0.2643977702703306 0.9401885815839922
-0.27617930095014165 0.9355723546389536
-0.3025807174825707 0.9245897048726057
-0.31569283053720315 0.9188133070220138
-0.32845710283793916 0.9128719792588309
-0.3599225993477396 0.8974059605153373
-0.3783978181814473 0.8879331481364042
-0.40240210178706715 0.8751711908489215
-0.41423772717761564 0.868626787630594
-0.4232039329111633 0.8634900092989356
-0.4370820760233833 0.8552874056773234
-0.4489462943506899 0.8480564167428795
-0.459466140532262 0.8414464873319795
-0.4685640112597331 0.8355528141862336
-0.4778538669992866 0.8293451472311659
-0.49384092844937455 0.8183273834570916
-0.5186210894528102 0.8005895031081283
-0.5246914422831283 0.7960901822903997
-0.5290618093544334 0.7927387822449807
-0.5353985184196073 0.7877111018011833
-0.5416353942722144 0.7825949419112241
-0.5595656406944592 0.7673534860582129
-0.5705839702909407 0.757583768745553
-0.5937956185220022 0.7361042255980453
-0.6000635435360369 0.7300567222135624
-0.6149105278518031 0.7151134354581407
-0.6284663586803416 0.7008508450029509
-0.63698552574292 0.6914737744923476
-0.6618850410077988 0.6628250119428939
-0.6838992914160983 0.6362179186408458
-0.702846389012381 0.6118550597368759
-0.716509237027525 0.5932517110268514
-0.7252086729323233 0.5807324394099075
-0.7405159095860158 0.5574214371628053
-0.7538201448693338 0.5361116822636367
-0.7625379777151696 0.5214955342266265
-0.7668363822726308 0.5139515624045257
-0.7711227936288716 0.50607040883479
-0.7777406269672852 0.49329158930233996
-0.7920909745281902 0.4640535378729765
-0.7996516933837765 0.44775725706111563
-0.8037126587798804 0.4384717110482664
-0.8068896216795413 0.43072312376849126
-0.8154782303097238 0.40839994176533406
-0.8206331918487849 0.394316323883761
-0.8270728498597296 0.3759229533174492
-0.836591458170483 0.34766545983012487
-0.8410444103673231 0.3337278789904743
-0.8440404784942341 0.32379403232334975
-0.8508347889963583 0.2998554678035975
-0.85543408970711 0.28238829572876134
-0.8595633564516563 0.2651569037818961
-0.8617228636222246 0.2550700763321431
-0.8636733559467699 0.2446436452658286
-0.8653915811082775 0.2338929653548543
-0.8687459348975928 0.2086930736064462
-0.8716826641412639 0.18040713872518221
-0.8731359170561769 0.16004788289336058
-0.8748945793243151 0.11489387524654412
-0.8751013393680839 0.09541135569054159
-0.8747848623138327 0.07034030605082807
-0.8732014303368368 0.02224288461398376
-0.8721809664297573 0.0041482398761378755
-0.8711519333352775 -0.008519154443477008
-0.8681568281477522 -0.036597978238249396
-0.8666365363468397 -0.0482361358751123
-0.8623505916123205 -0.0758850038153419
-0.8574887277305383 -0.10297136653102096
-0.8551973209635766 -0.11446561213454791
-0.8531188930787091 -0.12399619194841394
-0.8507496453656599 -0.13398849132745277
-0.8467033403707958 -0.14974053501544857
-0.8425910592504904 -0.16447380083910995
-0.8369390399820039 -0.1831722657131327
-0.8321364290492402 -0.19793479632449998
-0.8244477553054007 -0.21984010707538074
-0.8169251046382361 -0.239716953638749
-0.810601074304195 -0.25535526072527664
-0.8038839024142188 -0.2708938289847535
-0.799695376234765 -0.27997736358451325
-0.7928030254136247 -0.2940553034331158
-0.786300824758527 -0.3066969764359806
-0.7768441152473637 -0.3244036125838418
-0.7704509800145684 -0.3360437563930736
-0.7643049154944928 -0.3469052086823165
-0.7537986318206332 -0.3648614360550068
-0.7418581324450585 -0.3844806380734825
-0.7333470964381905 -0.3978076028913838
-0.7106011672093786 -0.43148236353658737
-0.7021793477931318 -0.4430551669464715
-0.6951794351950463 -0.45197378455432624
-0.6719466639080047 -0.4795274262712692
-0.6497250434060886 -0.5045098086370796
-0.6446651148706222 -0.5100312216984026
-0.6395284177552749 -0.5154941442595207
-0.6318943817946616 -0.5234144340105001
-0.618640219656417 -0.53677602515708
-0.6086967250938329 -0.546485222564724
-0.5963508672856244 -0.558153023498886
-0.5868152165954372 -0.5667874112697728
-0.5701641302789026 -0.5811072656759139
-0.5453165323740183 -0.6012467501170187
-0.5341536639647748 -0.6096920528077304
-0.5277212895850577 -0.6142120764778047
-0.5106566374453533 -0.6253218247212649
-0.4973738314249693 -0.6333934192322785
-0.47714081857992396 -0.6449162364517179
-0.46795680312518323 -0.6498295130374153
-0.44859681116900746 -0.6595774254599122
-0.42689862863233236 -0.6699247859016519
-0.41049110749447926 -0.6773873295086488
-0.3902311593256824 -0.686229130689089
-0.3724432913274524 -0.6936169884374255
-0.35048163825207257 -0.7022497266456156
-0.33771476479704565 -0.7069876109526805
-0.3289964943134112 -0.710019881349153
-0.32023832426242893 -0.712854367431122
-0.3039604336410378 -0.7177356104614833
-0.29442580835718224 -0.7204149490203714
-0.2848500727445519 -0.7229557544393699
-0.2585087085252826 -0.7295712589928423
-0.24014170409131055 -0.734016303869944
-0.2069031070443862 -0.7418471436186747
-0.20141810628205234 -0.7429264875768826
-0.18740861074701137 -0.745108099495572
-0.15449725897752278 -0.7488641453051738
-0.12477010241441591 -0.7512352589123239
-0.11375479842723057 -0.7518324380592849
-0.09109242808308908 -0.7525124346306898
-0.07779464825741857 -0.75258912286007
-0.05713668766996648 -0.752243252650245
-0.04516918044791294 -0.7518348582685559
-0.03759183665870502 -0.7514692641214136
-0.025616002472248753 -0.7507321283692182
-0.010833845558868307 -0.7495999593933728
0.005309453303520758 -0.7480712066728875
0.02778624332644441 -0.7454054529700036
0.04500358128369882 -0.7429243267887955
0.07788617953387679 -0.7372967495351602
0.09204989566517799 -0.7343864575029688
0.10891385044096064 -0.730314084736857
0.12859402531888686 -0.7248213063319054
0.15373841796827384 -0.7168016459306571
0.16085664917404682 -0.7142527644607508
0.20309410338895925 -0.6974628721184946
0.2139031533569642 -0.6928804908693756
0.22244885506204 -0.6889740671184542
0.2385360053277509 -0.6810293971657443
0.25916467675400584 -0.6700587591341773
0.26939048010530103 -0.6642369751511877
0.3019586083547234 -0.6444355756803847
0.32893690801449893 -0.626943222657567
0.34939620604168053 -0.6128352095726045
0.3643139594110431 -0.6018304443374447
0.3859583686787281 -0.584622123051524
0.3963800614015678 -0.5756331503257269
0.4502938312467326 -0.5251730996848487
0.46338301110238955 -0.5120917579103901
0.47577122831020124 -0.498716246764533
0.4847065856327698 -0.488172312134364
0.5043653656715065 -0.46265883950870446
0.5240327835189773 -0.4343843613041215
0.5474475446697306 -0.3973820372104436
0.551923662793676 -0.38978832116212736
0.5566591226922408 -0.38112851727090125
0.5720724420928276 -0.3504854685343374
0.5781224304686374 -0.33720574008597476
0.5902592477647672 -0.30737852390702775
0.5992179374555469 -0.2822958302320322
0.6063540277558324 -0.2593963860967346
0.6111263025861167 -0.24210171458050742
0.6162829659511659 -0.22097497465528035
0.6205947350600594 -0.20087007089142253
0.6238857075135122 -0.18315591153164967
0.6246887713016511 -0.17808130873535843
0.6259086490714387 -0.16876510966619074
0.6281172785118526 -0.14758501462303186
0.62978978055622 -0.12440724523366548
0.6306994467196503 -0.10087029482534184
0.6309143121159541 -0.08102111264641465
0.6305974848534972 -0.06120166198594416
0.6297269107885003 -0.041024718934784904
0.6284312985244038 -0.024211386805792885
0.6269198679783456 -0.010693260940722506
0.6247627340320987 0.004906533929621577
0.6216732774033588 0.0237730962824138
0.6167835813389323 0.04948482230937445
0.6072827142508693 0.09202882428255972
0.6035329538724711 0.10604479905269237
0.5971571725892991 0.12643444802562265
0.5914331318705 0.1424136223203446
0.5834918874127519 0.1620805173718682
0.57602740243596 0.17869973704781794
0.5658852918718952 0.19914169183583058
0.5580931127194088 0.213470147138365
0.5487413039304216 0.2292169800383603
0.5405043887978409 0.24207715927956933
0.5238231171964527 0.26629724469477434
0.5081549142342889 0.28748291214931326
0.4953802824728674 0.3036105434722286
0.4826109016802192 0.31871638365623445
0.4705633757248689 0.33212473030769446
0.4660397327633227 0.3368496270822731
0.46175107893331596 0.3410513652030951
0.43911323060664864 0.3618937375785889
0.4307797995213405 0.3692721415867584
0.41721302858069226 0.38071648435809347
0.4128404445709854 0.3842296283838148
0.4087313554145626 0.3873778558719888
0.3986747844856321 0.39474576336519107
0.39025746977207815 0.40066237470055555
0.37914616663095513 0.40816898015369907
0.3696279314283679 0.41432832662415675
0.36060284711461527 0.4198887694305553
0.3513625577629179 0.42525247303746316
0.33377894197053937 0.43476141999712586
0.3105093878923142 0.4462680000238517
0.26589034695768665 0.4661340867510576
0.2511153499203741 0.47193555090399164
0.2300012863260253 0.47909455774338155
0.2065826368111944 0.4858190735865191
0.17845100088287216 0.4924527331938557
0.14371369869237927 0.49881366137494193
0.1170033029034271 0.5022273634537852
0.09794242780325293 0.5037100492819021
0.07765582342951784 0.5043707581490576
0.05573895915295951 0.504218815202757
0.034040892875928486 0.5032371350211954
0.013927426644051891 0.5014615802720741
-0.0019166544019521715 0.4992733980370913
-0.022158868540166073 0.49537458000056567
-0.054442599000849544 0.4873998549431667
-0.07116666151601216 0.4825302004926611
-0.08871224015148865 0.4766954675631886
-0.10138948074549071 0.47195536278920575
-0.11949382260853371 0.46435182743662073
-0.14085319925025383 0.4542048219388278
-0.16758104117190953 0.43985511142420886
-0.18525590611756915 0.42928125762570796
-0.20077064632100147 0.41905927657826325
-0.21832552073825706 0.4064095219465589
-0.23879772306198285 0.39021019772473275
-0.24681728436897124 0.38318904190494385
-0.2615794158068567 0.368855351832949
-0.2733628418765734 0.35613198351995484
-0.285023010476898 0.34215918452939026
-0.2988589169041416 0.3239275938307965
-0.30889908254858467 0.30955800504337094
-0.315744071861148 0.2990006546709017
-0.3273351172008997 0.27986978443643346
-0.3361656294172562 0.26432130446583096
-0.3410671004063866 0.2551454607301442
-0.3460252908529677 0.24524258987602215
-0.35977989310001146 0.215641570950534
-0.3626176087734871 0.2087377241347941
-0.36719716622719106 0.19588201735180777
-0.3726998469350096 0.17784243895430382
-0.37456597793387403 0.17074709283797224
-0.3762606819011924 0.1631834399164867
-0.37807230618508586 0.15345444280579795
-0.37962666173522575 0.14286849545146546
-0.38161788238544087 0.12354030650082162
-0.3828988554600614 0.09886539901720222
-0.3828696478403773 0.07312107300766875
-0.38166301208819825 0.05042920378858826
-0.3803358873955314 0.0370923783031095
-0.3783181867658947 0.022997917803489563
-0.3739807152198675 3.817247527075109E-5
-0.3700674518709094 -0.01611085055984087
-0.3676786425865716 -0.023971241481909045
-0.35977022644644474 -0.04531072345808338
-0.3464101029948173 -0.07574797593056752
-0.3267152960744983 -0.11399453763349342
-0.3114263728270679 -0.13960432515636564
-0.29893572157719095 -0.15808194751759277
-0.28887662401824354 -0.17148817531962576
-0.2855696154256998 -0.17553550280081776
-0.2818099533445468 -0.1797788880890171
-0.2785621258816869 -0.18316171160352
-0.27501435386657225 -0.18655705913142553
-0.2618375548608088 -0.19804662992017327
-0.2562382618877275 -0.20233551636757563
-0.23708674640680708 -0.21496580780608307
-0.21357939887023106 -0.22778145323705565
-0.17921203889412496 -0.24236533567132124
-0.15545520825161613 -0.24981402777860862
-0.1257365822135435 -0.2561514254697116
-0.1041703473241288 -0.258797139941656
-0.08816621938406823 -0.25945840802407033
-0.06805483888220994 -0.25877538671772715
-0.04582316676775005 -0.2564986813491968
-0.03025687418220952 -0.2539022313113678
-0.016922031002580825 -0.2508497803945547
0.015062653273208828 -0.24146596930114145
0.02581903209917601 -0.2374733033612249
0.04054441019803865 -0.23073945551712505
0.05678497538496171 -0.22167642386859351
0.07021037711422493 -0.21250149100320143
0.07879910713841952 -0.20526303217340716
0.09704219105545703 -0.1861534741031882
0.10990311858310961 -0.16880906442685994
0.12441000363528203 -0.14254084268083675
0.13188634191286888 -0.12233508635734962
0.1348750972211545 -0.10699981732283664
0.13530169961536603 -0.08805199903152648
0.13056903511920326 -0.05782469208397718
0.12355486431121969 -0.03802868077344857
0.1172527875026343 -0.026940123662302005
0.09659524548794646 -0.0015765975111544591
0.07299440150207116 0.020334000445348565
0.053672990075593396 0.03522870139593103
0.03902165736623369 0.04563829825011944
0.036350185212046894 0.04746044482308014
0.03399949220870462 0.049007330495384194
0.02962697493564623 0.05180424414237761
0.024162190201731472 0.05524951817702176

