9.649595947520994E-4 1.0001320943814525
9.649595947520994E-4 1.0001320943814525
-0.0034477842472170252 0.9994702804456926
-0.01760747970172841 0.9973436843493488
-0.021624914850095652 0.9967388089732069
-0.022518047803949504 0.9966043365769003
-0.03502418001775283 0.9946963834856604
-0.03918691392322522 0.9940612977043336
-0.046936593909305296 0.9928789709736912
-0.05561340153107281 0.9914823279624754
-0.0559194907634822 0.9914330025714372
-0.06610120225574645 0.9897922493282081
-0.073978987359171 0.98852276713283
-0.0820690232626287 0.9870995782162517
-0.08557658870144519 0.9864825317264379
-0.09036140392295397 0.9856407930651525
-0.13231946154940327 0.9780500797980577
-0.13806760363285359 0.9769065635266674
-0.141378362607686 0.9762479321457082
-0.14370481478709693 0.9757851154854472
-0.14420328443260114 0.9756729786143885
-0.14867125683437418 0.9746678533281642
-0.15705364206987402 0.9727821327816966
-0.17605432765221812 0.9680706153943501
-0.17835354997492076 0.967490002178395
-0.18023608890464626 0.9670146123166334
-0.18122278643904116 0.9667390882795034
-0.1898753005855343 0.9643051551224187
-0.2007165726241465 0.9612555291948554
-0.2015109329403374 0.9610320773888814
-0.20635774008238766 0.9595369167290848
-0.2073866200218078 0.9592195241108128
-0.22428713439248155 0.9540059920933888
-0.22586428987871932 0.953512060134739
-0.24125930253939817 0.9483167164412601
-0.2527341567136792 0.9444443057728228
-0.2531805361078397 0.9442903854385878
-0.25640083923951584 0.9431128178129922
-0.2567755906200386 0.9429757825478924
-0.2737605813245955 0.9365200548157289
-0.27576763578270475 0.9357336528513762
-0.2781284810566601 0.9347615207802805
-0.2920554112603083 0.9289680969100437
-0.2961529736497255 0.9272635636489798
-0.3029297676408367 0.9244359346468949
-0.3099496449143976 0.9213434045698994
-0.3267307091289785 0.9136755558851805
-0.32719445675866815 0.9134596973855755
-0.3283715378643819 0.9129118067978378
-0.33776445114221426 0.9082972024622433
-0.34032651965123917 0.9070378865772913
-0.34858062698185427 0.902980802061039
-0.3599225993477396 0.8974059605153373
-0.3612514183490601 0.8967246341831098
-0.3673696041650924 0.8935876523234426
-0.37826361364725813 0.8880019589247483
-0.3788805070151498 0.8876765250111295
-0.3987012830217827 0.8771387434652478
-0.40240210178706715 0.8751711908489215
-0.40524994696913047 0.873596500322667
-0.4122980911618617 0.8696992920200977
-0.41748042148964365 0.866769033930398
-0.4221668877638775 0.8640841369823544
-0.42309982770777366 0.8635496516235572
-0.4232039329111633 0.8634900092989356
-0.4241947066691689 0.862904417671158
-0.4290867696351643 0.8600129895400634
-0.42969931091493885 0.8596509502326981
-0.44071403442684476 0.8530738042160839
-0.4414260433194799 0.8526398499274966
-0.452792158896334 0.8456399466983724
-0.45793222211189094 0.8424102934851999
-0.45952001705307993 0.8414115856925253
-0.46443467637971014 0.8382278302225351
-0.4685311367110646 0.8355741105807933
-0.470147700372383 0.834494561523618
-0.47720459265428516 0.8297790053027265
-0.4821580181800018 0.8263788659602096
-0.48528925962995734 0.8242209160003057
-0.49084438153454313 0.820392506315887
-0.49390352341306726 0.8182825773730522
-0.5128997734676047 0.8046848767568351
-0.5154569567969142 0.8028544200491744
-0.523364906541464 0.7970734051844829
-0.5253488556597734 0.7955860472407803
-0.5254003672930713 0.7955465457327016
-0.5271484355638717 0.7942060459562362
-0.5288073314301005 0.7929339277129134
-0.5293440182711016 0.7925148716571969
-0.53004990938075 0.7919548025596688
-0.537175769324358 0.7862532084571178
-0.5380131305342184 0.7855663142593593
-0.5393519034423776 0.7844681079752588
-0.5481544067925815 0.7770535098977112
-0.5506168101468324 0.7749603645425218
-0.5593100894563068 0.7675707152486411
-0.5594446971009588 0.7674562931472864
-0.5595959311661948 0.7673266281444491
-0.5631501679349171 0.7641751623810935
-0.5670276074652965 0.7607371196381322
-0.5691435557421868 0.758860953533968
-0.5706269032046 0.7575440395818929
-0.5743705543861118 0.7540797480209473
-0.5857603059807704 0.743539925153501
-0.5913131065750084 0.7384014869535876
-0.594195603523185 0.7357183067105381
-0.5954390295388926 0.7345186077636764
-0.5958794464037253 0.7340936788638099
-0.5988179171492418 0.7312585441519355
-0.6002243656991857 0.7298948569047935
-0.6182246819845099 0.7116264914487289
-0.6206302957391611 0.7090954563384553
-0.6227012190180276 0.7069165614433959
-0.6284569827947148 0.700860709718625
-0.635154739933526 0.693488925445298
-0.6351559391509196 0.6934876054634297
-0.6358770671830513 0.6926938578640693
-0.6386625150905103 0.6895442722869435
-0.6395730916473744 0.6884965855636002
-0.6525134675570772 0.6736077111098607
-0.662088131648502 0.662579550411125
-0.6684491342102283 0.6548914490442662
-0.6766850768571764 0.6449372380049002
-0.679233555131833 0.6418570695697093
-0.6841645211006717 0.6358768767820825
-0.6871682269524808 0.6320146038674693
-0.6881449218003491 0.6307587345370913
-0.702813229693709 0.6118976971803183
-0.7061913263351907 0.6073005894419249
-0.7095790335388861 0.6026878836306656
-0.7126023779881722 0.5985712945419012
-0.7171106717199477 0.5923861923476298
-0.7176999720927384 0.5915381360470066
-0.7241607610528837 0.5822404789647584
-0.7252086729323233 0.5807324394099075
-0.725319876490963 0.5805630903324754
-0.7284776976062257 0.5757541246922874
-0.7341981314927313 0.5670426210943754
-0.7471470818806609 0.5468001084442559
-0.7511376351433319 0.5404083309291495
-0.7522395151691512 0.5386434197727794
-0.7596986004173052 0.5262559786687719
-0.7604389838191582 0.5250146663384034
-0.7607182288650346 0.524546489556248
-0.7625422843227898 0.5214879758579105
-0.7627709676771864 0.5210866221094
-0.7638543211380526 0.5191852682761591
-0.7704159200849173 0.5073700925308441
-0.7710137271579646 0.5062709424595613
-0.7716690804643669 0.5050155468389118
-0.7747364642744997 0.4990925291166428
-0.7753990460179657 0.4978131054605498
-0.7846850626299571 0.4791426799333253
-0.7880972136796341 0.4721906080443485
-0.7884444736972415 0.47148308467524025
-0.7887464622640972 0.47086779942090523
-0.7949660452870215 0.457856645575458
-0.7973004933529333 0.45282500480829807
-0.7984694183581075 0.4503055181700335
-0.7994446089532414 0.4482036043061623
-0.8004588522561268 0.4459116587568114
-0.8015516670964036 0.44341289762660063
-0.8037126587798804 0.4384717110482664
-0.803939000165403 0.43791966620665557
-0.8059658869850308 0.4329761053517935
-0.8065349510363983 0.4315881626502047
-0.8072957070150157 0.4296676423461858
-0.8077760056114562 0.4284192686635706
-0.8097455140645942 0.4233001978630165
-0.8143312826365808 0.4113810441485176
-0.8159155055655213 0.4072052834608918
-0.816225382673518 0.40635868339487724
-0.8185518579616767 0.4000026342330985
-0.8231911651027845 0.3870100740985142
-0.825662818593027 0.37995037644371893
-0.8274946070889212 0.3746709003105354
-0.8312206742621853 0.3636094808840322
-0.8349630757440554 0.3524995704802784
-0.8374136268272708 0.3450921013903152
-0.8418098295602654 0.3311900338625659
-0.8419425841959498 0.33074986890657126
-0.8428374334647719 0.3277828818254624
-0.8440563910615551 0.3237379671759935
-0.8445678737136906 0.32193584752528687
-0.8493804773820978 0.3049794803724838
-0.8493838856468066 0.3049674719479932
-0.8511303964862003 0.2987328130314037
-0.8537419373841353 0.28881473262886176
-0.8538681354506443 0.28833545904318986
-0.8548016473662428 0.2847901780778576
-0.8563583487727153 0.2785313711934493
-0.8567467309564331 0.27691065593167563
-0.8582967245136512 0.2704425471482418
-0.8594288422946025 0.2657182301155988
-0.8596259767182663 0.2648644112017544
-0.860092399833229 0.2626857986260126
-0.8617228636222246 0.2550700763321431
-0.8620051554576201 0.2535610745661298
-0.8632754449483458 0.24677069367478002
-0.8639613060395089 0.24284198425729275
-0.864033852754752 0.24238807022341477
-0.8652807827577692 0.23458621419538073
-0.8653991143239905 0.233836371378068
-0.8672660844507414 0.21981058636949322
-0.8676940277732119 0.21659562274965605
-0.8708156974158933 0.18875757293388826
-0.8715017321219927 0.18214983643082572
-0.871683622933577 0.1803937065842299
-0.8720109170081327 0.17580850071418586
-0.8730787801285913 0.16084833910729424
-0.8731359170561769 0.16004788289336058
-0.8735283924394822 0.14997099844543446
-0.8739277350928913 0.13971779545562865
-0.8745117107193853 0.12472410372641599
-0.8748969281282384 0.11467255289850002
-0.8749350429716015 0.11108107957677114
-0.8749833197209489 0.10653207341428378
-0.874888152140825 0.07852284044003122
-0.8748260193198651 0.07360072991853525
-0.8742895512791428 0.055295022183944935
-0.8735479882774596 0.03276972982399702
-0.8734049135793328 0.028423774864940028
-0.8729934012257895 0.0185541575228865
-0.872678771653821 0.01297521417242156
-0.8725594823917948 0.01086000284311541
-0.8721870026775489 0.004255273313166014
-0.8719983078168251 0.001899712896491562
-0.8719591459625794 0.001417630587692832
-0.8714148534427196 -0.005282608706132305
-0.8707707442517238 -0.012092765532053556
-0.8685424731773851 -0.032982593082664935
-0.8678872076178804 -0.038661980837552574
-0.8677461317569088 -0.03974194660975309
-0.8673729842620732 -0.04259847018245873
-0.8660056550235677 -0.05230598639199227
-0.8634938039486568 -0.06851007742853477
-0.8623505916123205 -0.0758850038153419
-0.8621740511633285 -0.07686854402783243
-0.8601415491402182 -0.08819199699915117
-0.8574887277305383 -0.10297136653102096
-0.8559438066326135 -0.11072106108270655
-0.8559138520815435 -0.11087132029111325
-0.8539815412297891 -0.12004054012377757
-0.8534338442096906 -0.12255199130371462
-0.8531317938401362 -0.1239370358250118
-0.8530387601513462 -0.12433415247314894
-0.851767562018334 -0.12969542906958592
-0.851671234942929 -0.13010168839420355
-0.849815501084807 -0.13762506384029197
-0.8467064646696685 -0.14972837229108646
-0.8456769826018274 -0.1534177159760894
-0.8431667654653751 -0.1624111907081178
-0.8425647014738518 -0.1645609997563859
-0.8424877013504225 -0.16481573775971578
-0.8380679887679261 -0.17943738651060853
-0.836163137144974 -0.18555727868700445
-0.834793429787035 -0.18976756077799103
-0.8340121753123155 -0.19216902391122795
-0.8338925183108002 -0.19253683220810341
-0.8321197270261138 -0.1979823809950092
-0.8317042267746839 -0.19916615630241286
-0.8274250259005754 -0.21135775501446552
-0.8268669468257716 -0.21294774256816282
-0.8182736275207877 -0.2361537970321733
-0.817717469291442 -0.2376233151952206
-0.8173397998766505 -0.23862121837345188
-0.8168691913561523 -0.2398552181677368
-0.8159496180858931 -0.24212917455777347
-0.8153690785338206 -0.24356475524155283
-0.8109411667870889 -0.25451426686465484
-0.8087840708459931 -0.25955846301419044
-0.8069390755263257 -0.2638264177699484
-0.804497342901538 -0.26947478134960823
-0.8033577822707023 -0.2720348103998167
-0.8023191781205103 -0.2742872009375674
-0.8011548116096338 -0.2768123286400588
-0.7997340276002745 -0.2798935414950979
-0.7940708182577151 -0.29146577892068815
-0.7934592023120928 -0.29271503229103435
-0.7928783277519975 -0.29390149498407103
-0.7928030254136247 -0.2940553034331158
-0.7911227474208797 -0.29732212432421495
-0.789479515664332 -0.3005169193845479
-0.7878880127287615 -0.30361114251941956
-0.7806110623458086 -0.31735042335542496
-0.7796173306761857 -0.3192110753170664
-0.7768441152473637 -0.3244036125838418
-0.776792629658002 -0.3244973537049743
-0.7738214217337995 -0.3299071074901642
-0.7694057375066089 -0.3378909305634402
-0.7672967096922352 -0.34161804812097346
-0.7643213284760395 -0.34687620332199015
-0.760766515014304 -0.3529526680438021
-0.7589367140199167 -0.3560799701157749
-0.7569337850406002 -0.359503164204227
-0.7518050925447873 -0.36813698162093106
-0.7465959222725056 -0.37669606786229815
-0.7418581324450585 -0.3844806380734825
-0.7407725243720419 -0.38618053225598237
-0.7337099641787017 -0.39723940818424813
-0.7297588990987031 -0.4031198363613596
-0.7226406403605939 -0.41365823454264045
-0.7173694764545283 -0.4214620565396575
-0.7099401344903103 -0.4323907185282084
-0.7064056348871065 -0.43724763447932485
-0.704195749352642 -0.4402843382584832
-0.702825324221934 -0.44216750148507195
-0.7018596221812946 -0.4434625306715834
-0.6976865831433838 -0.44877941697841456
-0.6955465143507684 -0.451506087482995
-0.6943292981441994 -0.45298203154388794
-0.6911312314999781 -0.45677488007724076
-0.668044700855778 -0.4839141600353341
-0.6553405835986221 -0.4981966069392848
-0.6546253578111342 -0.4990006906963344
-0.6497214084295788 -0.5045137751371277
-0.649107561459286 -0.5051836072613703
-0.6479201420599509 -0.5064793237788672
-0.64060828125086 -0.5143456999342101
-0.6396068573095394 -0.5154107231036587
-0.6357900958580205 -0.5193726421813863
-0.6340954867699383 -0.5211307941027948
-0.6322610548929901 -0.5230340117544833
-0.6315012785531193 -0.5238107234731685
-0.619167341948539 -0.5362446303787365
-0.6186024593013927 -0.5368128957702036
-0.6088323226995931 -0.5463528200261553
-0.6088223000858178 -0.5463626064785009
-0.6083621049805371 -0.5468014647352685
-0.6048564293352878 -0.5501146023239188
-0.5953027519339458 -0.5591020761298013
-0.594547492795523 -0.5597859518799229
-0.593540807308005 -0.5606974903941744
-0.5868460302375599 -0.5667595099819254
-0.5866419021855214 -0.5669364608314231
-0.5862524511765098 -0.5672713868321269
-0.5859054977291175 -0.5675697651335734
-0.5844527857587596 -0.5688190904637128
-0.5701192913471376 -0.5811436085438278
-0.5626674151058001 -0.5871835060902202
-0.5597156638482471 -0.5895759606346418
-0.5521367919863815 -0.5957187907193626
-0.5382752180822569 -0.606573878266726
-0.5380261259382082 -0.6067623297002865
-0.5332200746868067 -0.6103480851506006
-0.5287560565621329 -0.613484946657106
-0.5277212895850577 -0.6142120764778047
-0.5276640699862105 -0.6142493286487004
-0.5253303761649765 -0.6157686535443369
-0.5205475781079757 -0.6188824399771091
-0.5070578150468914 -0.6275087297376417
-0.5039597095835687 -0.6293913628961717
-0.5001666481139903 -0.6316963016335743
-0.4974391172708783 -0.633353746826111
-0.49381569599583053 -0.6354197978297704
-0.4845507735429247 -0.6406962244694765
-0.4841080465067494 -0.6409483600636672
-0.47815789668824865 -0.6443370046175925
-0.4756868803953397 -0.6456940662010877
-0.4716513943869575 -0.647852975777689
-0.46907888726732544 -0.6492292189971953
-0.4687018595202315 -0.6494309217938732
-0.4677627207922323 -0.6499272350606807
-0.46523852817555345 -0.6511981864443691
-0.4635971223963657 -0.6520246475204647
-0.43523606475323123 -0.6659488558182404
-0.4274137318476608 -0.6696791451147015
-0.42645881980769057 -0.670124821757468
-0.41603817364849127 -0.674864387577481
-0.4156793050072631 -0.6750276098498674
-0.4097827651196806 -0.6776964627005735
-0.4049229471478838 -0.6798173735697305
-0.3929341430043309 -0.6850495006090184
-0.3902311593256824 -0.686229130689089
-0.383623847049586 -0.6889733540664772
-0.38198721552767595 -0.6896530983096613
-0.3758045374652869 -0.6922209578211684
-0.3508216439995732 -0.7021160763872594
-0.35068960267434274 -0.7021679795017228
-0.34599609063378833 -0.7039143476465305
-0.3430427523084049 -0.7050103540692916
-0.33693286111611864 -0.7072595620683311
-0.331461485146597 -0.709162541725993
-0.3290447468612107 -0.7100030988035183
-0.3282952166696111 -0.7102468421993507
-0.3280695027570498 -0.7103198920419477
-0.3224083490711545 -0.7121520626023672
-0.3183443725460364 -0.7134223057979846
-0.3142198962013963 -0.7146591104847484
-0.31273338377589904 -0.71510487023245
-0.3102539954853539 -0.7158483631759938
-0.3037154479524147 -0.7178044542369189
-0.303048971090007 -0.7179917418442335
-0.30165323720180814 -0.7183839590015171
-0.2941207036769726 -0.7204959048504191
-0.29370343119905695 -0.7206066230464906
-0.2827247239643517 -0.7234895253715088
-0.28029441887348894 -0.7240998845868136
-0.24812058931025402 -0.732085313816833
-0.2441049017455008 -0.7330571604509379
-0.24047157076036338 -0.7339364720088111
-0.2397812656390899 -0.7341012212855207
-0.2261337564079327 -0.737316503134139
-0.22110187130228262 -0.7385019889667914
-0.20561310370211724 -0.7421009917718249
-0.20406707385765252 -0.7424052210771864
-0.2020856340717659 -0.7427951307880721
-0.20192751632178718 -0.7428262453576994
-0.20104028707010918 -0.7429853230213013
-0.19626131193108187 -0.7437295232029812
-0.19540040234744718 -0.7438635873171296
-0.18729067032930702 -0.745121559581162
-0.18488450444438892 -0.7453961660255449
-0.18107290381180716 -0.7458311693242291
-0.1762017521442564 -0.7463870951013587
-0.15422763823991367 -0.7488856509408829
-0.13935538687749455 -0.7500718995314445
-0.12646767155518734 -0.7510998564805368
-0.12510520920964857 -0.75120852994212
-0.11912915643911688 -0.7515410748307498
-0.11795433089253743 -0.7516047663383606
-0.11658294292044545 -0.7516791142002334
-0.11375292562562674 -0.751832494253701
-0.10258327008679877 -0.7521676457561625
-0.10209547969743339 -0.7521822821682984
-0.08675303786395779 -0.7525374598722607
-0.08363734792013737 -0.752555428040498
-0.08069019749131734 -0.7525724242421998
-0.0778657686022303 -0.7525887127093991
-0.07504770654633554 -0.7525431316160666
-0.07233990433348345 -0.7524977956732682
-0.06603621096274775 -0.7523922547734501
-0.05757111481103559 -0.75225052613718
-0.052777304523458676 -0.7520944875355365
-0.04399883602869682 -0.751778391110445
-0.04342055328137141 -0.751750489936406
-0.04176870095037656 -0.7516707908279908
-0.04147452658317332 -0.7516565974074624
-0.03595627522443494 -0.7513685921524015
-0.035095375195763896 -0.7513156020908894
-0.034359488251679754 -0.751270306826475
-0.025613208397706918 -0.7507319143703728
-0.02251620595912083 -0.7504947142040079
-0.02138481551237701 -0.7504080607358519
-0.010710990074668109 -0.7495883251135829
-0.003943078869534483 -0.7489474113353615
0.003918165742010694 -0.7482029600810829
0.00531897954112713 -0.7480700768583923
0.008249806942165417 -0.7477224798933069
0.00860768535742357 -0.7476800354112574
0.028549274493853465 -0.7452954954021591
0.04077848125869418 -0.7435331901517781
0.04390204301655997 -0.7430830653487858
0.04523910632882859 -0.7428840186788174
0.058507231683804645 -0.7406132917770696
0.067451876637876 -0.7390824918049261
0.07788617953387679 -0.7372967495351602
0.07914856485206546 -0.7370373606926403
0.08274059258551589 -0.7362992881702061
0.08565231027899964 -0.7357010024713978
0.09426825155034389 -0.7338507603778042
0.09884851937349695 -0.732744699658803
0.10033840471129972 -0.7323849164077822
0.11465982157005664 -0.7287103720498944
0.11492606157178253 -0.728636063902681
0.12351724664944191 -0.7262382459889571
0.13336653092077522 -0.7232991429325388
0.13839134088472993 -0.721696508498149
0.1454946658452534 -0.7194309435788667
0.15186093223548514 -0.717400459280222
0.15588370938081733 -0.7160334644300974
0.15684405851898645 -0.7156895846020673
0.15765231954485218 -0.7154001641699232
0.15918130656850527 -0.714852667666978
0.16991214090353488 -0.7106530983807194
0.2030399913612276 -0.6974843822955855
0.20372042964774395 -0.6971973477928063
0.21356764587952237 -0.6930227256798465
0.21573247139846238 -0.6920442703117293
0.21649050907288572 -0.691697755013436
0.22244173298217773 -0.6889773227740914
0.22514859123389555 -0.6876407972421541
0.2279227258388226 -0.6862707855572684
0.234971855847688 -0.6827895592089607
0.24221762527932356 -0.6790714562482748
0.2577191661867809 -0.6708275034161598
0.2590996449520337 -0.6700933440255276
0.2609763244526624 -0.6690273466189423
0.2628300324391331 -0.6679719882188212
0.2687559461391656 -0.664598229866715
0.296034566796799 -0.648037388854041
0.2972863821024511 -0.6472762860132193
0.3021171541857015 -0.6443327767760527
0.32712795507442716 -0.6281161225003461
0.3287959458781326 -0.6270346205396895
0.32924431719596714 -0.6267312440868051
0.33016090214821897 -0.6260991993078168
0.34106501829669067 -0.6185801039264304
0.34939620604168053 -0.6128352095726045
0.3537069569874276 -0.6096551863498975
0.3537303331878628 -0.6096379418230904
0.35819062454804856 -0.6063476032524002
0.3656353530335115 -0.6007798743856673
0.3849886407783447 -0.5853931022481996
0.385865973669588 -0.5846955814205113
0.3909001213871024 -0.5803597367487827
0.3946295051023935 -0.5771430492688961
0.39621734410416015 -0.5757734980971794
0.4077844667662726 -0.5649593118261229
0.41489739427799727 -0.5583020388608433
0.4169287995318968 -0.5564007655446145
0.4502938312467326 -0.5251730996848487
0.45608263286336254 -0.5193877645265922
0.4581614779495921 -0.5173101642973181
0.4594497358856969 -0.5160226777976531
0.4665287126002295 -0.5086953559309861
0.47427243309121303 -0.50033449027937
0.47600389387737596 -0.49844169584928477
0.47864741145354756 -0.4953222820966354
0.4793932615060736 -0.49444216125604196
0.48741750182018995 -0.4846540426485711
0.4910397402227807 -0.47995304491900653
0.49252235731811855 -0.47802888123226184
0.5017249542641112 -0.46608560678675093
0.5043999304460657 -0.4626091481372952
0.5091358154287979 -0.4558006958146688
0.5107461420885354 -0.45348564122051116
0.5136802396544343 -0.4492674933009155
0.5272822115829087 -0.42924929332001727
0.5344988582106662 -0.41784483372845566
0.5445891533217757 -0.4018991502556129
0.5475198841877484 -0.39725931351466776
0.5476261938232043 -0.397078959653912
0.548297319455587 -0.395940397769721
0.5560693321838065 -0.38220707568958745
0.5561265347805647 -0.3821024684749543
0.5643567109686499 -0.3658250276994709
0.56912991229357 -0.3563354792753078
0.5715758844276245 -0.35147266930140586
0.5719271152836088 -0.35077439114613057
0.5736620224420353 -0.3469963386264628
0.5764209922730236 -0.3409403980399911
0.5773858812688927 -0.33882246606194166
0.5780331150426051 -0.3374017875046279
0.5797917712224117 -0.3331031993354415
0.5821811940635133 -0.32723099825623586
0.5902592477647672 -0.30737852390702775
0.5963623527535091 -0.29029094545718975
0.5973102303361791 -0.2876370614777083
0.6000712890424683 -0.2795574572336281
0.6032001372534548 -0.2695171015486049
0.6053479464104006 -0.26262486311927996
0.6062032633664067 -0.2598801833257447
0.608214278738453 -0.25265485698822643
0.6084059080213505 -0.2519603945738718
0.6102375607009125 -0.2453225054012243
0.6111420367685975 -0.24203725197015707
0.6142671970960227 -0.22923353670154958
0.6161309843285031 -0.2215976401248115
0.6163913668829423 -0.2204695231233834
0.6177183960705203 -0.21428185550151174
0.6205892107661929 -0.20089582955190366
0.620911518071235 -0.1991649381922574
0.6234878046489785 -0.18529768416929826
0.6237976981536059 -0.18362963528612783
0.6239658506222567 -0.1826494829642745
0.6243982805448337 -0.1799169352803664
0.6243982924602915 -0.1799168599859547
0.6245361980575539 -0.1790454271809548
0.6254919257541939 -0.1719476230920175
0.6259063699355566 -0.1687825154129873
0.6259289916218695 -0.168570030698365
0.6270863365102655 -0.15747143974172853
0.6285178135622131 -0.14203434336323922
0.6285526679091816 -0.14155132690357486
0.6292475151831187 -0.131922035309952
0.6297787367556584 -0.12456029178058022
0.6300150304015825 -0.11857906930175488
0.6303866616759985 -0.10896338035150249
0.6305186412955053 -0.10554850368122388
0.6306994467196503 -0.10087029482534184
0.6307653702145003 -0.09478030787695507
0.6308724517206982 -0.08488815976433128
0.6308875311853864 -0.0793458043793496
0.6307073686156204 -0.06807555214583529
0.6305974848534972 -0.06120166198594416
0.6302050148586138 -0.05210554362629671
0.6301596907836408 -0.05105508586934422
0.6298667775796918 -0.04426635499320551
0.629566323575844 -0.03894075738480487
0.6293713416148549 -0.036410450625506595
0.6283250856339786 -0.02326142636930046
0.6276407010046254 -0.017140339572528265
0.6270965666786296 -0.012273641380208403
0.6269139677426395 -0.010650592071289378
0.626250912210676 -0.0058555582235883296
0.6261636491289464 -0.0052244958006439305
0.6233679872292398 0.013423914389895694
0.6219613771888083 0.02201374076486215
0.6193331012578591 0.036078558036093084
0.6179667384059127 0.043263370106162616
0.6169524503732736 0.048596850073837995
0.6167835813389323 0.04948482230937445
0.6115047541284717 0.0731229211456488
0.6093808961031317 0.08263336047537671
0.6075976665930134 0.09061849689439203
0.6072812517484314 0.09203429087114226
0.606625869808586 0.09448399853422154
0.6061764246589191 0.0961639490490812
0.6035329538724711 0.10604479905269237
0.6020836311955909 0.11067971033926523
0.6017762968523105 0.11166256076943205
0.6015585399136385 0.1123589440585921
0.5971523830160412 0.12644781854998569
0.5959781579956792 0.12972577326473184
0.5927941114492596 0.1386143254653914
0.591444448195518 0.14238203178164616
0.5903639927517211 0.14506139962481812
0.5880261671932118 0.15085114330448954
0.5879551487683602 0.1510270240390158
0.5876096260884889 0.15188272849681286
0.5826969507590656 0.16385039525589534
0.5818678026928102 0.16569644275948464
0.5796445749274205 0.17064632352655168
0.5792064733389761 0.17162172994258398
0.5717389187961129 0.18734340032886102
0.5699861452012087 0.19087620726823773
0.566483531480852 0.1979359085857424
0.5658623961130871 0.19918379313384735
0.5628059227572794 0.20480411332991277
0.5619814784353167 0.2063201223160385
0.5580835696877964 0.2134862159575155
0.5574659931277798 0.21452610835832966
0.5499963614752938 0.22710367961863248
0.5476533172318253 0.23091563830189593
0.5452176329012328 0.23471843784058793
0.5444916325803372 0.23585193188606662
0.5435986382652978 0.23724615129563223
0.5373689623472909 0.24662958779102015
0.5351127695554945 0.2499054281128054
0.5311329494892583 0.25568385941257316
0.513013225544805 0.2809137754037803
0.5097359610161679 0.28534510914587735
0.5085387541199187 0.28696390533070254
0.5073318240414645 0.288522041528797
0.505811795980052 0.2904410363485912
0.4980261976175629 0.30027014628800336
0.4953802824728674 0.3036105434722286
0.49375698239163074 0.3055308645900672
0.4897472700977198 0.3102742483201956
0.48431167271534514 0.31670441644628244
0.48203815684358337 0.3193538225246717
0.4778415395233032 0.3240244661076264
0.4732332439733937 0.3291532887749996
0.46938889103209996 0.3333514670293652
0.4693165920815969 0.3334269825112326
0.46826802771440146 0.33452219679728806
0.4679932628319781 0.3348091857833255
0.4647913563004455 0.3380727034090467
0.46310986023540823 0.33972012154922054
0.4463282698085678 0.3552509448723121
0.4391240037051115 0.36188381892702093
0.43841239373391594 0.36251425721064784
0.43102156400087416 0.36905808377712834
0.42838976198171497 0.37128827416240917
0.42390276916653136 0.3750733077576639
0.41817622944563143 0.37990396965549883
0.4163314888617208 0.3814247557121179
0.4153211973445882 0.38223647244523773
0.41222328631073396 0.3847024715189997
0.4118178408023435 0.3850131084134259
0.4091629026292626 0.38704722084509
0.4072784319425625 0.38844233459063465
0.39947082258848166 0.3941625491518863
0.3953222014765477 0.3971023261538389
0.3937690641383417 0.39819404130211655
0.39238643299223225 0.39916590601076607
0.38627623474369416 0.40335202866775827
0.380514340690259 0.4072446652714591
0.3784296030324379 0.40863267572093886
0.37242766443377984 0.41251659102001653
0.37033320891787436 0.41387193441244674
0.3684902959768094 0.41502923496395844
0.36560146025870044 0.41680907493322594
0.36176138335819263 0.4191749839081602
0.35856349294829937 0.4210725517647765
0.3543610118666239 0.4235119627050415
0.3525690760773501 0.42455212628547195
0.3488162529121099 0.4266294752453913
0.3451185312049042 0.4286291458478764
0.34380527670308664 0.42933933353337705
0.33972572517730965 0.4315454917852332
0.3267429278362487 0.4382406641387723
0.32294341354084805 0.4401194889394429
0.3202602621625923 0.44144628256659757
0.31911361405971117 0.4420132894853353
0.2859385099587515 0.4572078853680238
0.2851206526451771 0.45757202641591754
0.27020610079617424 0.4642125497064967
0.2602524536910341 0.46834782903485994
0.25819230413140115 0.4691567553439286
0.2565638317580264 0.4697961818070486
0.25060681048300393 0.4721079780302984
0.24238000489151734 0.4748973869582675
0.22984735227302863 0.47913875892490226
0.2189383630161501 0.4822712056120624
0.20972348550706868 0.4849171989159524
0.18883966456167084 0.4900030051085128
0.18289688791972256 0.49140435828489976
0.18161440542645893 0.4917067776797176
0.17845100088287216 0.4924527331938557
0.17253233161695658 0.4935365315245849
0.16281390560983106 0.4953161230865757
0.1598374540648618 0.4958611566187771
0.14371369869237927 0.49881366137494193
0.1349747588147084 0.4999305350245503
0.12364791913415107 0.501378153265394
0.11723195906200294 0.5021981402251202
0.10751158475416513 0.5029656945068155
0.10418209900290536 0.5032246847846682
0.10221459164485008 0.5033777310252617
0.09283212512670308 0.5038764853315258
0.08770137652899346 0.5040435872787616
0.08424418963210821 0.5041561834528726
0.07723942915884063 0.5043678714143719
0.06522661087633526 0.5042845902031463
0.052656281492674574 0.5040793463889647
0.03940818990822373 0.503479966297397
0.02472162401654069 0.5024144587161337
0.024569646644706063 0.5024010426225967
0.02105155897266229 0.5020904766961716
0.013927426644051891 0.5014615802720741
0.012738450844120333 0.5012973741110679
0.007783863491331714 0.5006131097478926
0.0052191474019680495 0.5002589038985142
-0.00407423742792756 0.49885782968278297
-0.01516059230019927 0.49672250594595235
-0.016574206669423115 0.4964502321145528
-0.023750275679780282 0.494981470709548
-0.034400309647461325 0.4923506999921537
-0.04242903717144867 0.4903674442267599
-0.054442599000849544 0.4873998549431667
-0.05670857014845362 0.48674005733276887
-0.057019239465293095 0.48664959771986016
-0.07106523404247403 0.482559733792209
-0.07121518153635069 0.48251406529608026
-0.07302446621446633 0.481912392754552
-0.081498452456218 0.4790943924140746
-0.08927864553619938 0.47648368481376696
-0.09154056937106689 0.4756379364122486
-0.10082133203784045 0.47216779737869674
-0.10245141604834272 0.4715093668685324
-0.11927309567184904 0.46444452923594853
-0.11949382260853371 0.46435182743662073
-0.13442051590432616 0.4572607385215803
-0.13628364240684054 0.4563756398980947
-0.14472034088768063 0.45212862127965137
-0.14516117558687738 0.4518919448455115
-0.14979722894035968 0.449402928944123
-0.16763052547925872 0.43982550781293156
-0.17030127378919876 0.4382277529079452
-0.17555746174315925 0.4350832783598515
-0.1787196935154103 0.43319149720398087
-0.19054628160518047 0.4257956615242492
-0.19964770962425715 0.4197991302581245
-0.1997408982190938 0.4197377323850201
-0.20063755197781946 0.41914696659663864
-0.2029310368506812 0.4175025345897108
-0.20804587802203228 0.41381686391728884
-0.21235758623598416 0.41070991768380377
-0.23845502004448266 0.39048137310706327
-0.2394324780875305 0.3896544673336102
-0.2399974517732959 0.38915983076559957
-0.24548047580501087 0.38435942278607943
-0.2469111899022717 0.3830978617920965
-0.24816419065958178 0.3818812268779021
-0.24821113999196542 0.3818356401560723
-0.25478002381327913 0.37545740506110425
-0.2643501420570016 0.3658636098415705
-0.2686025086006811 0.3612720398332403
-0.27195238988777143 0.35765494467192765
-0.2733628418765734 0.35613198351995484
-0.27917332201665634 0.34916907639408473
-0.27936264701297897 0.3489422014484316
-0.28247305552053 0.34521488717500487
-0.2852432567782276 0.34186896571070746
-0.2916397359393145 0.3334403173536042
-0.2988589169041416 0.3239275938307965
-0.3026302447718964 0.3185300304278273
-0.3044688174517092 0.31589864621562286
-0.30889908254858467 0.30955800504337094
-0.30889908254858467 0.30955800504337094
-0.3105728758638823 0.30697643454358053
-0.31295781203536727 0.30329803482246936
-0.3168455100564277 0.2971827451927188
-0.3283317904087469 0.2781148745252345
-0.33094696135489066 0.27351016620486074
-0.33501685215153154 0.266344034276874
-0.3361881452154161 0.2642791535593056
-0.33730851081597096 0.26218176285754935
-0.3395713810494798 0.25794553587531066
-0.3425511166883821 0.25218147180225836
-0.3458023341357061 0.24568789579980382
-0.35229540424561373 0.2317487976261908
-0.3555842464648409 0.22467094259078177
-0.35805875884242994 0.2193455913807087
-0.36094466410245324 0.2128078125682417
-0.36140075305883806 0.2116981988325657
-0.36188017688131036 0.2105318139614164
-0.3620583389596612 0.21009836542786356
-0.3629900238846908 0.20769228262224876
-0.36436497194628636 0.20383253650040223
-0.3650557148559959 0.2018934870617996
-0.3688574385882591 0.1904391041593087
-0.3694292564458161 0.18856449910438786
-0.3717063148391791 0.1810995605437329
-0.3727567667097373 0.17762602033052985
-0.3732454498505498 0.175767964262981
-0.37346946390230185 0.174916224897915
-0.37486875902187583 0.169395747054284
-0.37614603460625107 0.16369512358752666
-0.3763150870228168 0.1628912671542886
-0.3766359159796725 0.16116831387858707
-0.377078573664437 0.15879110168597815
-0.37746068164489555 0.15673906061382897
-0.3783791885889962 0.15136441844073298
-0.37883718915284376 0.1482452029840713
-0.3790867876086205 0.146545311275036
-0.3792079988857279 0.14571980117981048
-0.38059602176367163 0.13345920482916335
-0.3809859304351604 0.12967447686583328
-0.3813644531115932 0.12600026938339964
-0.38161788238544087 0.12354030650082162
-0.38177992453764886 0.12041894884436662
-0.3819301445385183 0.11752531688825324
-0.38193610147854956 0.11741057056995144
-0.38287919399505677 0.08153529234027589
-0.38287651603455763 0.07917487102297348
-0.38287224324778935 0.0754087299706693
-0.3822567483115727 0.06159494681179357
-0.38186603063434393 0.05424714991679308
-0.38166421392593247 0.050451805426769435
-0.3816611926062657 0.05041091906135619
-0.3812933709126219 0.04671452657841387
-0.3804429388749913 0.038168182941066726
-0.37880226367197434 0.026379392107111314
-0.3783465183030334 0.023195825126919874
-0.37604108576395096 0.010944430296661664
-0.37477976798321316 0.004267836636878925
-0.3743556238560743 0.0020226942680517355
-0.37364170813061887 -0.0013608218691296059
-0.3733424159105767 -0.00259592324736372
-0.3717053022931633 -0.00935186660234983
-0.37107434054598676 -0.011955682108950299
-0.3694113207339196 -0.018269853903764413
-0.3681461582072875 -0.02243287859748189
-0.36794923555606757 -0.023080853733106005
-0.3676786425865716 -0.023971241481909045
-0.36712204713665825 -0.025473117250835963
-0.36599345074417483 -0.028518437824392513
-0.35997822345692093 -0.044749479793421656
-0.3559011260897296 -0.05412537137844902
-0.352591058514583 -0.06166642164273001
-0.34651636509131417 -0.07550588787868373
-0.33862969840547175 -0.09085722403866281
-0.3364834212055199 -0.09502521226478006
-0.33274364547312535 -0.10228771368877554
-0.3261406705035565 -0.11495706707646788
-0.31320016236060577 -0.13663313010691486
-0.3118059209578524 -0.13896856115737197
-0.308786226199565 -0.14350993675221793
-0.30129056866936843 -0.15459838413749138
-0.29883111824707037 -0.15822135724736522
-0.2987983101218576 -0.15826508216381846
-0.286913418336859 -0.17389087131606645
-0.28639026053851085 -0.17453114510883144
-0.285679460280658 -0.17540106767986213
-0.2847051490079792 -0.1765111926367439
-0.2825025188878852 -0.17899721612640954
-0.28143964718211756 -0.1801645860388484
-0.28023504636251323 -0.18141925612977705
-0.27885125887945655 -0.1828605607835153
-0.27810744951997146 -0.18359685350502059
-0.27737670851198176 -0.18429619936615443
-0.2679385069321182 -0.19272687656646378
-0.2625542439014056 -0.19742170959909566
-0.26206501367423757 -0.19784829615661872
-0.25975567213676043 -0.19964128814634188
-0.257266983117921 -0.20154754750015913
-0.2564099741207596 -0.20220399007083692
-0.25110964083464804 -0.20571780633009018
-0.24763324069641787 -0.20801046807513365
-0.23792148602148308 -0.21441530282807605
-0.2336697237229849 -0.21682868710700456
-0.22688786729575713 -0.22052599354278515
-0.22241220740575213 -0.22296601660921933
-0.21357939887023106 -0.22778145323705565
-0.21028129923630584 -0.22918101076347316
-0.20912326638347647 -0.2296724251459693
-0.2015323755142797 -0.23289364027813755
-0.17732452884442268 -0.24295714361999962
-0.16383344540376238 -0.2471871239677734
-0.15791189458167965 -0.24904376088770097
-0.15548635417195605 -0.24980426231896036
-0.14425767026031613 -0.25220186533614547
-0.1409378727052082 -0.25290980107091726
-0.13681206184858913 -0.25378961644876036
-0.12846387153807265 -0.25556984013511036
-0.12550012704134 -0.2561804334478901
-0.12530965647171244 -0.2562038001016026
-0.12304374470851093 -0.25648177887605217
-0.11198121443969303 -0.2578389140727434
-0.10237059391068118 -0.25887150322424074
-0.09964834890338022 -0.2589839825634826
-0.09101241728576313 -0.25934080712537255
-0.08415041545774449 -0.25932202357032674
-0.07679437382266925 -0.2590721981957514
-0.06816262208611207 -0.25877904724340434
-0.06693576070842447 -0.25866078394412806
-0.06358292775822097 -0.25831742638027894
-0.05168787465462059 -0.257099275486343
-0.044277875374362105 -0.25624092749581323
-0.03707379259231603 -0.25503928998905445
-0.027023375415726553 -0.2531620579069034
-0.02477282628256502 -0.25264688943643
-0.02261493147636775 -0.2521529302731437
-0.014146235722590822 -0.25003540504175087
-0.002361783356162944 -0.24657802919609997
0.010549564133952367 -0.24279003977078725
0.015090891070605508 -0.24145548769820535
0.016792809074888986 -0.24082375185492796
0.017378165654789703 -0.24060647303674118
0.01897742131362613 -0.2400128444837155
0.03821348105045586 -0.2318053787219365
0.05191926641570883 -0.22439172803894286
0.05403987595905719 -0.2232083239403577
0.0559958605484965 -0.22211678863760836
0.05606828448399365 -0.22207637253065843
0.059055194593758284 -0.22012495380829497
0.06987846553368755 -0.21272831970673578
0.06996135496060023 -0.21267167299012268
0.07251096612589747 -0.21056258748680753
0.07369535710858079 -0.20956439970556606
0.0770136892013972 -0.2067677568759774
0.0783500048961543 -0.20564152912020225
0.08519799417122521 -0.1985602233777971
0.09314720145604027 -0.1902334602651463
0.09691801252654357 -0.18628355061986362
0.09860489270511018 -0.18404599487549012
0.10804449893851159 -0.17131562240870588
0.10950283498229896 -0.16934889195829173
0.11958082547167578 -0.15128523697337065
0.12241814375362946 -0.14614758643527367
0.12293855816468155 -0.14520525035828827
0.12785626152966456 -0.1332268918326599
0.13141645287974496 -0.12360502131078055
0.13188634191286888 -0.12233508635734962
0.13310425240158236 -0.11608600167898918
0.13418859479193515 -0.11052225337363679
0.13485239884370842 -0.10711628243586138
0.1348750972211545 -0.10699981732283664
0.1348956775432606 -0.10608572914861684
0.1351676073892898 -0.09400779104874149
0.1352905530977626 -0.08854707874274348
0.13314789702360272 -0.07429576253970606
0.13203060062843588 -0.06715964268259794
0.13197549498444033 -0.06680768550985809
0.13056903511920326 -0.05782469208397718
0.1298874476550199 -0.05590105584535994
0.12935965479412084 -0.054411472296570174
0.12443329198861398 -0.040507856817662675
0.1233502522786987 -0.037668664182545414
0.12239022375648122 -0.03597948592904715
0.12188954288338283 -0.0350985337248076
0.12040246815131979 -0.03248201323547302
0.09994597875560167 -0.005690659619766718
0.09913502488633177 -0.00469496276212622
0.09659524548794646 -0.0015765975111544591
0.08174773510973897 0.01220756337506671
0.07718983150817593 0.01643903888493039
0.0706726608257243 0.02212380928983078
0.05587619837224239 0.03353026808864903
0.055737094951106014 0.033637501655250174
0.0532097488752092 0.035557828734577114
0.04270785384197699 0.043019299692172226
0.04106928194389237 0.044183485450152236
0.037818325118125114 0.0464590620857401
0.03687571470765908 0.04710199385891091
0.0361666700693415 0.04758120791060292
0.03507039881838087 0.04830261486959701
0.03425424412848777 0.04883968967876365
0.03265743798923801 0.04986578559733643
0.032593725519802066 0.04990653975886874
0.031600745497147434 0.0505417069184514
0.031175559468019635 0.050813680368323365
0.027123371382083136 0.05338264123139793
0.02658554653056562 0.0537217129581615
0.024162190201731472 0.05524951817702176
0.024162190201731472 0.05524951817702176
0.024162190201731472 0.05524951817702176
