-0.375503 -0.0285791
-0.218401 -0.238119
-0.829313 -0.176791
-0.224289 -0.75203
-0.0414075 0.486232
-0.43693 -0.669501
-0.0268179 0.5074
-0.273681 0.337878
-0.00478538 0.50255
0.623348 -0.23145
-0.176292 -0.239664
-0.372219 0.175498
0.130084 -0.123112
0.0138586 0.502201
-0.116035 -0.741572
-0.723672 0.595688
-0.463072 -0.638001
-0.724261 -0.426117
0.616234 -0.0847297
-0.022317 -0.738237
-0.35294 0.257383
-0.800635 0.443012
-0.887421 0.0177405
-0.327861 -0.729
0.172589 0.493846
-0.295738 0.926266
-0.38199 0.0503782
-0.779786 0.500085
-0.856714 0.218406
-0.229644 -0.752216
-0.810169 0.440474
0.596941 0.144351
-0.090687 -0.251465
0.455627 -0.530605
-0.194711 -0.733774
0.569128 0.221452
-0.363662 0.146017
-0.344091 -0.707835
0.594045 -0.248745
-0.149058 0.976387
-0.667656 0.632278
-0.216697 0.416732
0.606507 -0.281563
-0.788471 -0.303911
-0.881995 0.140032
0.0960963 -0.162456
-0.875984 0.244298
0.314033 0.428853
-0.11736 -0.740642
-0.0108498 -0.00565705
-0.853427 0.306115
0.0611478 -0.223187
0.4667 -0.508854
0.625486 -0.105354
0.634735 -0.0792843
-0.851601 0.288251
-0.0346432 -0.746661
0.1655 0.509985
0.64569 -0.050385
-0.838391 0.32213
0.573566 0.222681
-0.765987 0.503537
0.0652125 0.50632
-0.605794 0.745251
-0.0258315 -0.248022
-0.797399 0.370055
0.631108 -0.0442128
0.597978 -0.290868
-0.357236 0.201293
-0.236554 -0.717749
-0.717448 0.575394
-0.0421031 -0.74474
-0.264925 0.366396
-0.267227 -0.216326
-0.840076 -0.200775
-0.766899 -0.341393
-0.0291401 -0.243915
-0.0332883 0.487849
-0.375408 0.881145
0.531256 -0.461493
0.138053 -0.0224505
-0.848216 -0.122865
0.217671 -0.696285
-0.0223833 -0.75223
-0.57639 0.733414
0.505135 0.305901
-0.7145 -0.447783
-0.866211 0.149686
0.559734 -0.340651
-0.368944 -0.0243646
0.0969427 0.0377157
-0.719951 -0.396495
-0.0778337 -0.747028
0.113746 -0.724408
-0.33545 0.261189
0.0749221 -0.204286
0.404396 0.400885
-0.377756 0.0544657
-0.280962 -0.179706
-0.358744 0.219664
0.470542 0.347306
0.614014 -0.181812
-0.635277 0.6936
-0.657775 -0.500362
-0.502379 -0.635337
0.649271 -0.0677788
-0.0807667 -0.765838
0.148366 -0.0234512
0.452525 -0.515828
0.659563 -0.110091
-0.60697 -0.552351
-0.180602 -0.741705
-0.802648 0.455306
-0.0527089 -0.754099
0.178137 0.47696
0.56069 0.186264
-0.193429 0.430171
-0.799712 -0.273085
-0.446787 0.863038
-0.474008 -0.652258
-0.653858 -0.509537
-0.567463 0.754125
-0.376626 0.038548
-0.343951 -0.685025
-0.774354 0.506406
-0.146043 -0.260574
-0.211187 0.418176
0.409112 0.390945
-0.317937 -0.139461
0.247769 -0.68951
-0.853917 0.23277
-0.180698 0.976774
-0.4399 0.850136
-0.865969 -0.0395098
-0.430395 0.860828
-0.394048 0.0497933
-0.104338 0.481573
-0.596644 -0.582995
-0.849787 -0.164259
-0.827391 0.374636
-0.530438 -0.623614
-0.294221 0.934174
-0.782951 -0.297159
-0.881896 0.183229
-0.631426 0.715209
0.59275 -0.258699
-0.053828 0.980403
0.208719 0.481419
0.611543 0.0203077
-0.80555 0.428996
-0.873072 0.0327854
0.159303 -0.72001
-0.00109024 0.983751
-0.128855 -0.257404
-0.381055 0.145991
-0.681532 -0.495911
-0.576292 0.766923
-0.892724 0.0733748
-0.272075 0.364488
0.150075 -0.0716455
0.420849 -0.564661
-0.415159 0.849689
-0.350311 -0.700817
-0.178285 -0.764641
0.0220312 0.0453056
-0.281045 0.3254
-0.454492 0.83365
-0.34641 -0.0754592
-0.309444 0.309928
-0.500427 0.827396
-0.0226392 0.997409
-0.255073 0.395316
-0.587695 -0.568161
0.210565 -0.68594
0.019671 0.0318915
0.572242 0.187593
0.325708 0.455349
-0.347003 -0.0592136
0.565826 0.199164
-0.877434 0.0105851
-0.0435191 -0.749708
-0.519543 0.791917
0.379306 0.409987
0.605666 0.0942272
-0.0540868 0.477736
0.602228 0.128266
0.0199618 0.0618669
-0.0904461 0.479606
-0.869962 0.256825
-0.860247 0.286224
0.112982 0.00492664
0.540297 0.253476
-0.044031 -0.257721
0.619647 -0.295615
-0.155224 -0.240471
-0.527542 0.798446
-0.0533549 0.474065
-0.245093 -0.73714
-0.465728 0.831247
0.0393591 0.504565
-0.323126 -0.729368
-0.385951 0.117619
-0.281819 -0.18294
-0.271811 0.357524
-0.549816 -0.622346
-0.79165 -0.263921
-0.242601 -0.20038
0.631935 -0.0520309
0.0800562 -0.207666
-0.361377 -0.0203757
-0.817805 0.426401
0.141769 -0.125234
-0.703586 -0.457816
0.125009 -0.154283
0.34795 0.433865
-0.70132 -0.443039
-0.873366 -0.0700404
0.141853 -0.73255
-0.662617 0.682389
0.332577 -0.629603
0.052545 0.506539
-0.0750678 -0.751343
-0.525811 -0.611403
0.333014 -0.632198
0.378405 0.391701
-0.615062 -0.533187
0.0786623 -0.741111
-0.647371 -0.492548
0.0852889 0.041084
-0.30516 -0.722945
0.00663101 0.00917772
-0.137347 0.438395
0.638135 -0.101108
-0.305589 -0.163292
0.00476048 0.50358
-0.599322 0.731781
-0.831044 -0.212628
-0.665873 0.65276
0.118897 -0.144203
-0.42825 -0.674063
-0.721699 -0.448377
-0.393447 -0.693845
-0.154747 -0.755397
-0.598289 -0.563918
-0.157064 -0.254836
0.626905 -0.131753
-0.765356 -0.355638
-0.866119 0.106438
-0.694424 0.635642
-0.340452 0.913765
-0.239095 0.389269
0.352046 0.423651
0.0916488 -0.188803
-0.367113 0.167658
-0.0118404 -0.737662
-0.120154 0.466542
-0.588481 0.735341
0.613865 -0.140977
-0.485933 0.825155
-0.782344 -0.327381
-0.37761 -0.696568
0.231042 -0.674832
0.63567 -0.0948334
-0.041191 -0.757533
-0.189257 -0.762351
-0.38663 0.0613624
0.608967 -0.212405
-0.692119 0.657707
0.108617 -0.19147
0.0236393 0.51294
-0.289609 -0.193189
0.457016 -0.516164
0.621341 0.100221
-0.84617 -0.118337
0.0353285 0.0463075
0.182582 0.490069
0.388385 -0.589665
-0.809343 -0.280588
0.62398 -0.0368259
-0.376277 -0.0256117
-0.766242 0.523596
0.144752 -0.112581
-0.824899 0.387608
-0.302552 0.301776
-0.842493 0.327679
-0.367336 -0.0110498
-0.0166774 0.496986
0.311397 -0.658645
0.366917 0.427543
-0.193282 -0.73026
-0.469542 -0.653461
-0.188453 0.402808
-0.0770699 1.00618
0.58936 0.144656
-0.0660222 0.989302
-0.594636 -0.561907
-0.74452 -0.386141
0.0272485 -0.736269
0.431033 0.369071
-0.275776 0.935755
-0.0721316 0.486222
0.595362 -0.309227
-0.330664 0.324655
0.539992 -0.392822
-0.09881 0.462839
-0.335205 0.240382
-0.2433 0.392932
-0.245038 -0.719348
-0.381577 0.194319
-0.633457 0.68502
0.259671 0.466867
-0.331221 -0.11799
-0.226093 0.95986
0.279451 0.442637
0.451045 0.360374
-0.802994 -0.262121
-0.0234985 -0.248293
0.34724 -0.627535
-0.0997314 -0.260994
0.297468 -0.647575
-0.521657 0.811516
0.607459 0.114204
0.0511972 0.0327252
0.57699 -0.353321
0.514086 0.296995
-0.278187 0.348346
-0.842715 -0.127549
0.153627 -0.0474896
0.102782 -0.742504
0.055987 0.033674
0.625145 -0.157269
0.0202807 -0.248426
0.136417 -0.0280075
-0.250134 0.935959
-0.371347 0.214423
-0.766176 -0.325708
-0.827075 0.362213
0.00824101 1.00336
-0.0194856 0.98253
-0.414709 -0.671942
0.647349 -0.119249
-0.0811457 0.981851
0.225861 -0.682096
-0.848725 0.348706
-0.849058 0.263233
0.366205 0.41132
-0.786522 0.453939
-0.00203434 -0.00422878
0.56762 -0.355576
0.0171389 0.0181656
0.610057 0.0927769
-0.841249 0.354617
-0.413599 0.872052
-0.556981 -0.586202
0.0106227 -0.76467
0.00865477 -0.751137
0.621288 -0.184889
-0.759451 -0.360976
-0.808108 0.428547
-0.759288 0.55438
-0.334108 0.263168
0.257166 0.491453
-0.342999 0.218823
0.471907 -0.488098
0.0110131 -0.24437
-0.340291 -0.0917127
-0.501262 -0.617971
-0.624044 0.71234
-0.327762 0.914679
0.0428563 -0.728961
-0.725814 0.574005
-0.327853 0.271753
-0.372379 0.157916
0.349679 -0.604195
0.162417 -0.0946213
-0.346567 0.229087
-0.32458 0.909055
-0.139909 -0.248085
-0.773698 0.524794
0.263729 -0.669551
-0.258347 0.379131
-0.331021 -0.690262
-0.843388 -0.135974
-0.510348 0.80112
-0.139054 0.964564
-0.632676 -0.524976
-0.525892 0.77079
-0.82751 -0.197694
-0.734339 -0.42156
-0.0119763 0.0254439
-0.479979 -0.653717
-0.877356 -0.0127952
-0.373356 -0.031247
0.417041 0.384377
-0.765935 -0.318534
-0.298443 0.286033
-0.381774 0.0466667
0.332855 0.450601
-0.645105 0.648528
-0.30871 0.318862
-0.609224 -0.546774
-0.27426 0.925462
0.573108 -0.335158
-0.592992 -0.573547
0.0473201 -0.2064
-0.836451 -0.162713
0.0773061 0.494751
0.255138 -0.665974
-0.824069 -0.281585
-0.788352 -0.295897
0.409014 -0.566273
-0.090119 0.471836
0.00416535 1.00375
0.537525 0.233356
-0.586754 -0.549661
-0.782878 0.468751
-0.646181 -0.529388
-0.226903 0.95659
-0.323792 -0.697103
0.162547 -0.724252
-0.313687 0.929827
-0.835618 -0.242718
-0.167093 0.438927
-0.711662 0.5886
-0.715607 0.607115
0.497017 0.30496
0.511389 -0.473532
-0.589442 -0.571682
0.172932 -0.71825
-0.376681 0.0791819
0.119364 0.0117807
-0.844351 0.303552
-0.513783 -0.608492
0.549926 -0.427607
-0.343505 -0.0386445
-0.0355166 0.997924
0.318079 -0.61416
0.342946 -0.595019
0.12306 0.496778
0.0688326 -0.21102
0.61112 0.0419613
-0.290047 0.309738
-0.686042 0.637337
-0.759 0.518938
-0.83786 0.320032
-0.0777851 0.467928
0.42582 0.402449
-0.0573065 0.498767
-0.102143 -0.753766
0.353423 -0.618374
0.0437317 -0.741901
-0.138655 -0.741291
-0.228693 -0.200422
0.598704 0.180379
-0.403399 0.877006
0.0203581 0.0277227
0.481688 -0.497899
0.631487 -0.0229079
0.61575 -0.170672
-0.74775 -0.365669
-0.0367816 -0.73796
0.572518 0.161497
0.0832432 -0.756965
0.597892 0.109369
-0.463382 -0.647511
0.598915 0.0451666
-0.59719 0.735452
-0.565814 0.775222
-0.159539 0.467548
-0.212179 -0.233653
-0.420078 0.860438
-0.589749 0.719487
0.614598 -0.197992
-0.113857 -0.755301
-0.852718 0.261107
0.41277 0.376992
0.49148 0.322764
-0.0659558 -0.757195
-0.70274 -0.427151
0.114286 -0.727371
0.469413 0.30801
-0.382283 0.133633
0.442005 0.365013
0.582654 0.171998
0.498172 0.309263
-0.793207 0.447864
0.0930753 0.511343
0.246273 0.486379
-0.840261 -0.217649
-0.132737 -0.23468
-0.197593 0.414526
-0.703022 -0.452967
-0.206113 -0.764096
0.449533 -0.5061
0.158835 -0.0629629
-0.419709 0.870659
0.101917 0.499552
0.0185323 -0.24551
0.605632 0.10662
0.61831 -0.220881
-0.526472 0.796944
0.382962 -0.581043
0.602501 -0.250331
-0.271406 -0.16122
-0.381481 0.117502
0.0839439 0.494936
-0.824497 -0.181762
-0.863413 0.233572
0.618456 0.08466
0.572144 -0.369742
-0.738439 0.589456
0.587342 0.107149
-0.111861 -0.256859
0.512313 0.287251
0.104487 0.006911
0.635678 -0.0384698
0.427766 0.379653
0.180334 0.50134
-0.303767 -0.140117
-0.347347 0.921321
-0.0723967 0.486067
0.0942147 -0.733629
-0.701493 0.60385
-0.0406254 1.00349
-0.0683034 -0.245306
-0.123362 -0.259076
-0.0462496 0.988376
-0.44884 0.83935
-0.211474 -0.235212
-0.360685 0.211404
0.458345 0.331493
-0.578808 -0.558615
-0.208828 -0.250086
-0.868577 0.160527
-0.381104 0.164806
0.0879111 0.510483
-0.403878 -0.677423
-0.634086 -0.524793
-0.597743 0.739395
-0.0252242 -0.755811
-0.531283 -0.617081
0.147091 -0.724436
-0.411486 -0.665808
0.557432 0.203846
-0.309944 -0.160448
-0.475784 0.81713
-0.372278 0.155774
-0.0868389 -0.767426
-0.813393 0.4344
-0.362084 0.174819
-0.102127 -0.252976
-0.314733 0.304449
-0.188363 0.958929
-0.629959 -0.506339
0.641574 -0.185436
-0.494915 -0.6292
-0.135284 0.992952
-0.377494 0.182865
-0.369923 0.210162
-0.242103 -0.743956
-0.550298 0.756696
0.351521 0.431631
-0.296789 0.350631
-0.786665 -0.28784
0.392728 -0.571728
-0.531557 0.799955
-0.481907 -0.636054
-0.404005 0.871345
-0.383467 -0.693216
0.132289 -0.0884795
-0.797855 -0.296338
0.620811 0.0130052
-0.861353 -0.124279
0.0615382 -0.236645
0.438877 0.363039
0.136929 -0.107521
-0.843414 0.296701
0.468461 0.335257
-0.00393668 -0.24121
-0.865287 0.280671
0.097561 -0.727413
-0.380809 -0.682196
-0.351445 -0.0521694
-0.73748 -0.371148
-0.565936 0.759506
-0.119059 -0.750247
-0.384088 0.0223739
0.37638 0.401125
0.579608 0.162463
-0.843172 0.0789232
0.137059 -0.136632
-0.31367 -0.72724
-0.360834 0.171593
-0.803322 -0.233316
-0.24275 0.952734
0.0624016 0.0422827
0.325023 0.444325
0.136643 -0.733572
-0.870211 -0.0429692
-0.485636 -0.621057
-0.12596 -0.261505
0.0417578 -0.750329
-0.0354963 -0.744802
-0.266419 -0.201854
0.564442 -0.335483
-0.0771196 -0.249496
-0.502635 0.837501
-0.0682694 -0.255635
-0.857007 -0.0372407
-0.386093 0.164712
-0.370176 0.213435
-0.627503 0.699954
-0.37021 -0.00183687
-0.199142 0.955658
0.229582 -0.696618
-0.14408 0.977625
-0.015324 -0.246021
0.637635 -0.0160229
-0.860385 -0.126076
0.565648 -0.387445
0.470338 0.336504
-0.691466 0.635357
0.592595 0.138543
-0.870579 0.255165
-0.139731 0.985268
0.615709 -0.00731329
-0.0697963 0.472205
-0.811938 -0.235436
-0.0147232 0.978187
0.59128 0.152165
0.622428 -0.00574106
-0.230634 -0.238047
-0.773454 -0.313528
-0.866593 -0.0765728
-0.466066 -0.656928
0.630515 -0.0612302
-0.341183 0.269846
0.0337432 0.0304017
0.104171 0.503082
-0.875116 0.111083
-0.280184 0.362321
-0.633553 -0.493313
-0.467917 0.81588
-0.202724 -0.73558
-0.201397 -0.745276
-0.0837149 -0.766003
-0.42234 0.848598
-0.306582 0.329754
-0.884394 0.125109
-0.347511 0.155745
-0.525258 0.787365
-0.842174 -0.195231
-0.255982 -0.190872
0.506825 -0.464296
0.359003 0.396363
0.391997 0.395673
-0.554695 0.779758
0.480454 0.34409
-0.860233 -0.153203
-0.324988 -0.700028
-0.399261 0.127844
0.38796 -0.576951
-0.272777 -0.17949
0.291084 -0.639895
-0.873607 -0.0789207
0.13568 -0.116588
-0.167615 -0.259248
-0.731675 0.587462
-0.817862 0.444561
0.531168 0.255708
-0.7008 0.610332
-0.876893 0.00101683
-0.795548 -0.295433
-0.825559 -0.189419
-0.314135 -0.714376
-0.275314 -0.180678
-0.817041 -0.256981
-0.171988 0.951968
-0.864351 0.265876
0.116175 0.493928
0.126393 -0.147113
-0.38631 0.0815314
-0.370858 0.0119236
-0.853009 -0.110136
0.610609 -0.245425
-0.233997 -0.217429
-0.0574962 -0.756725
-0.0888554 0.97708
0.611475 -0.261523
-0.300011 -0.159175
-0.871874 0.0130206
-0.360929 0.899414
-0.805533 0.402445
-0.367395 0.00333767
-0.205929 0.421663
0.144101 0.50161
-0.370859 0.119852
-0.335492 -0.72854
-0.00467997 -0.741166
0.349022 0.404635
-0.506677 -0.633863
-0.858252 0.055823
0.481312 -0.50294
-0.465969 0.855201
0.150238 -0.108938
0.109387 -0.169263
-0.847299 0.186316
-0.300892 -0.710316
0.0885487 -0.201759
0.0147945 -0.240657
-0.27421 -0.17165
0.0549887 -0.220312
0.404114 0.374958
0.107914 0.508139
-0.707417 0.594763
-0.359294 0.892907
-0.384351 0.208767
0.588651 0.151308
-0.819603 0.408555
-0.827055 0.403115
0.615591 -0.167492
-0.629843 -0.517032
-0.382243 0.00285791
-0.812586 -0.261202
-0.885509 0.176772
-0.403482 -0.663259
0.128565 -0.0390439
-0.751347 0.518957
-0.404657 0.888341
0.08474 -0.731261
-0.866151 -0.0327275
0.574757 0.146693
-0.206671 -0.747477
0.161048 0.502472
0.597054 0.0882639
-0.530847 -0.606971
0.392019 0.392403
0.148642 -0.707308
-0.392223 -0.68342
-0.285914 -0.174142
-0.770189 0.532513
-0.758882 0.524086
-0.380187 -0.00294689
-0.361881 0.882883
0.263328 -0.673158
-0.795523 0.443753
-0.124476 -0.74332
-0.893125 0.114866
0.0130933 0.498728
-0.79396 0.445659
0.425827 -0.565908
0.0300779 0.0287133
-0.550991 0.750462
0.397324 0.371595
0.465693 0.329813
0.256722 0.470199
0.547804 0.236375
0.197588 -0.682732
0.476461 0.299043
-0.304273 0.927485
-0.54254 -0.612211
-0.369038 -0.0181564
0.609113 -0.241542
-0.185801 0.452206
-0.843567 0.33172
-0.850418 0.287427
-0.292505 -0.71609
0.502446 0.284652
0.373124 -0.610199
0.145196 -0.0488003
-0.623635 -0.498386
-0.59693 -0.534705
0.585553 -0.328603
-0.350284 -0.11132
-0.758154 -0.355622
0.15904 -0.724848
-0.393251 0.124702
0.258047 -0.668114
-0.0445361 -0.740643
-0.199185 0.418894
-0.850971 -0.16738
-0.250001 0.383679
-0.42917 -0.673362
-0.885081 0.21891
-0.233044 -0.231818
-0.264842 -0.211437
-0.863602 0.0287465
0.0117813 0.00828585
0.135906 0.507217
-0.378184 0.0264679
0.222809 0.495751
-0.426487 0.869194
0.633851 -0.20374
0.0654544 -0.727411
0.0579342 -0.737265
-0.85856 -0.103172
0.616671 -0.0134393
-0.333704 0.924368
-0.126509 -0.751618
0.0335649 -0.22164
-0.257963 0.946223
-0.346789 -0.100332
-0.538032 0.787297
-0.571958 -0.598646
-0.845567 0.331843
-0.472175 -0.655923
0.523474 -0.462339
-0.78851 0.48102
-0.371492 0.874795
-0.623432 -0.540475
-0.281238 -0.727857
0.53591 0.218738
-0.24552 0.379158
-0.806991 -0.29934
-0.276774 0.346782
0.140282 -0.106207
-0.88099 0.181058
0.268042 0.459352
0.498615 -0.493282
-0.377096 0.146253
-0.271977 0.931968
-0.143195 0.470924
0.290622 0.469928
0.61784 -0.178879
-0.479185 0.848019
-0.30294 -0.722963
-0.819881 -0.243719
-0.857421 -0.131465
0.553771 0.234834
-0.426548 0.866886
-0.529455 0.791205
0.222741 -0.689632
0.628084 -0.124438
0.49449 -0.479545
-0.584016 0.764503
0.519946 -0.424607
0.592922 0.128631
0.545512 0.252238
-0.65639 -0.510625
0.62491 -0.0109277
0.389681 0.395317
-0.548334 -0.591027
0.14677 -0.0520912
0.563799 0.196604
0.573503 -0.352442
-0.766488 -0.312199
0.367494 -0.618959
-0.488419 -0.648518
-0.833264 -0.18927
-0.339041 0.284197
-0.145183 0.980028
0.59855 -0.340736
-0.791362 0.473793
-0.558542 0.766138
0.633578 0.0529986
0.186753 0.481154
-0.805302 -0.282461
-0.184465 0.978265
-0.729225 0.563777
0.00526886 -0.762466
-0.461771 0.834116
-0.202266 0.963518
0.528904 -0.384509
0.3644 0.414859
-0.359309 -0.00634797
0.0680563 -0.210062
0.48125 0.327087
0.414786 0.375885
-0.0509521 -0.264284
-0.0631802 -0.26225
-0.00735045 0.0194088
-0.627993 0.68698
-0.592816 -0.52995
-0.807056 -0.240203
0.0241129 -0.253848
-0.764632 -0.347052
-0.0159968 0.501064
-0.202404 -0.744413
-0.753312 0.539313
0.479859 -0.471338
0.271989 -0.670277
-0.378807 0.12945
0.446677 0.392967
-0.244045 0.380146
-0.332172 0.253993
-0.806791 0.40848
-0.568424 -0.579052
-0.772191 -0.339467
-0.204359 0.949405
0.603906 -0.176674
-0.233305 -0.165109
-0.637636 0.686813
0.0184295 0.0308873
-0.699952 -0.457723
-0.87088 -0.00523916
0.52985 0.226474
0.516306 0.283349
-0.259949 0.952816
-0.84806 0.274829
0.499461 -0.449071
-0.737887 -0.399907
0.0249217 0.500148
-0.683075 -0.449982
-0.732863 0.528999
0.463686 0.320575
-0.548698 0.777693
0.506942 0.285783
0.123386 -0.725768
-0.292123 -0.712967
-0.344013 0.893688
-0.102471 -0.748426
0.583206 -0.341474
-0.310028 -0.706083
-0.0578286 1.00328
-0.0723397 -0.75251
0.575569 0.211745
-0.20429 0.952834
-0.853367 -0.086976
-0.252682 -0.208102
-0.479142 -0.646065
-0.294594 -0.182685
0.0834223 -0.739617
0.0676986 -0.202449
-0.873122 0.00180843
0.0196794 0.024914
-0.256891 0.956762
0.20589 -0.704654
-0.332864 -0.713195
-0.862657 0.246655
-0.120191 0.465923
-0.707865 -0.445835
0.562069 -0.385352
0.604823 -0.139839
-0.036855 -0.256351
-0.182192 0.97476
-0.872039 0.244133
-0.171434 0.421013
0.00650031 0.509907
-0.840071 -0.151853
0.647617 -0.182698
0.068798 -0.206157
-0.643985 0.70006
-0.142014 0.44603
-0.796456 0.429077
-0.28413 -0.729085
0.351598 0.418752
0.228213 0.473447
0.256963 0.466026
0.143569 -0.0649925
-0.299908 -0.189981
-0.345456 -0.702459
0.607564 -0.270877
-0.372063 0.150437
0.153291 -0.705767
-0.255767 -0.178768
-0.0855487 0.986324
-0.863815 0.00472742
-0.782496 0.503111
0.39206 -0.574164
-0.0838848 -0.267143
-0.863832 0.271769
-0.319996 -0.143858
0.538903 -0.398301
-0.79327 0.473088
-0.543497 -0.637227
-0.805229 -0.235148
-0.735036 -0.382517
0.611466 -0.220459
0.539668 -0.392388
0.612895 0.0348542
0.632961 0.0779145
-0.164182 0.427999
0.341974 0.425953
-0.854292 -0.110548
0.142485 -0.0233933
-0.618463 0.711853
-0.886144 0.160904
0.211444 -0.680658
0.466253 -0.492907
-0.373696 0.189866
-0.18609 -0.755959
0.103061 -0.192148
-0.141319 0.471782
-0.867883 -0.052597
-0.54272 0.788574
0.369613 0.408167
-0.234871 0.385952
0.00555795 -0.750085
-0.770618 0.50748
-0.534696 0.800613
0.3258 -0.622414
-0.159065 0.981723
0.343021 0.437639
0.630561 -0.169392
-0.367076 0.215328
0.110227 0.0428838
-0.12738 -0.271504
0.0494361 -0.219942
0.0211367 0.501126
-0.404758 0.0753839
