0.037329 0.988796
0.037329 0.988796
0.037329 0.988796
0.037329 0.988796
0.037329 0.988796
0.037329 0.988796
0.037329 0.988796
0.037329 0.988796
0.037329 0.988796
0.041149 0.984521
0.048098 0.976741
0.050181 0.974408
0.051436 0.973001
0.052934 0.971323
0.055562 0.968375
0.056690 0.967109
0.057059 0.966694
0.057694 0.965981
0.060149 0.963223
0.060779 0.962514
0.062469 0.960612
0.065262 0.957466
0.065571 0.957118
0.066857 0.955667
0.069519 0.952659
0.071149 0.950815
0.072754 0.948995
0.073659 0.947968
0.075329 0.946070
0.075693 0.945656
0.078730 0.942194
0.082877 0.937440
0.084676 0.935371
0.086644 0.933093
0.088899 0.930483
0.094550 0.923871
0.096630 0.921405
0.098663 0.918987
0.099626 0.917842
0.102398 0.914525
0.106921 0.909027
0.107459 0.908366
0.107794 0.907954
0.111253 0.903661
0.116953 0.896461
0.118469 0.894507
0.119071 0.893718
0.119918 0.892608
0.124478 0.886609
0.125324 0.885474
0.127937 0.881898
0.128297 0.881400
0.128969 0.880473
0.131054 0.877589
0.133182 0.874560
0.133394 0.874258
0.137987 0.867533
0.141684 0.861855
0.146587 0.854000
0.146606 0.853968
0.150595 0.847118
0.152574 0.843583
0.156703 0.835756
0.160906 0.826935
0.161078 0.826533
0.165394 0.816056
0.168913 0.805986
0.169317 0.804665
0.169376 0.804471
0.170174 0.801857
0.170306 0.801425
0.171055 0.798875
0.171320 0.797863
0.172370 0.793602
0.172666 0.792305
0.172684 0.792222
0.172738 0.791962
0.173197 0.789760
0.173509 0.788250
0.173663 0.787443
0.173698 0.787261
0.173699 0.787255
0.173795 0.786724
0.174388 0.783252
0.174545 0.782238
0.174985 0.779086
0.175104 0.778137
0.175347 0.775959
0.175417 0.775333
0.175417 0.775333
0.175430 0.775192
0.175497 0.774521
0.175614 0.773196
0.175674 0.772518
0.175891 0.769419
0.175981 0.767604
0.175998 0.767253
0.176005 0.767102
0.176101 0.764156
0.176126 0.760380
0.176117 0.758848
0.176108 0.758217
0.176088 0.757319
0.175898 0.752971
0.175840 0.751817
0.175840 0.751817
0.175488 0.747435
0.175486 0.747423
0.175300 0.745510
0.175094 0.743667
0.174642 0.740173
0.173687 0.734198
0.173321 0.732209
0.173304 0.732120
0.173003 0.730573
0.172873 0.729951
0.172211 0.726826
0.172012 0.725961
0.171244 0.722703
0.170715 0.720640
0.169263 0.715253
0.169180 0.714963
0.169076 0.714601
0.168692 0.713291
0.168153 0.711502
0.167483 0.709365
0.166257 0.705597
0.164751 0.701208
0.164235 0.699835
0.164198 0.699735
0.164164 0.699646
0.159819 0.688248
0.157710 0.683128
0.156829 0.681083
0.154698 0.676184
0.153618 0.673767
0.153148 0.672727
0.152459 0.671212
0.151490 0.669114
0.150906 0.667871
0.147031 0.659660
0.145989 0.657504
0.145541 0.656588
0.145356 0.656209
0.142165 0.649704
0.140295 0.645939
0.138183 0.641714
0.136639 0.638637
0.135239 0.635853
0.132725 0.630859
0.131900 0.629218
0.131345 0.628111
0.128354 0.622139
0.127694 0.620814
0.123867 0.613062
0.122402 0.610056
0.122044 0.609318
0.120532 0.606174
0.120265 0.605618
0.120203 0.605488
0.119902 0.604856
0.118669 0.602251
0.115652 0.595744
0.115193 0.594752
0.114196 0.592542
0.114066 0.592251
0.112239 0.588121
0.109032 0.580577
0.108166 0.578505
0.106544 0.574450
0.104503 0.569133
0.104142 0.568180
0.103212 0.565656
0.102128 0.562601
0.101912 0.561979
0.100740 0.558524
0.100458 0.557676
0.098541 0.551554
0.097379 0.547610
0.095692 0.541275
0.094576 0.536669
0.092653 0.527125
0.092421 0.525934
0.092354 0.525591
0.092354 0.525591
0.091745 0.521677
0.091537 0.520288
0.091279 0.518340
0.091114 0.517027
0.090483 0.510620
0.090278 0.508010
0.090031 0.503063
0.089981 0.501717
0.089935 0.499291
0.089925 0.498672
0.089921 0.497877
0.089953 0.494332
0.090038 0.491321
0.090082 0.490213
0.090095 0.489918
0.090095 0.489918
0.090239 0.487334
0.090271 0.486833
0.090280 0.486696
0.090289 0.486567
0.090314 0.486202
0.090328 0.486017
0.090343 0.485810
0.090438 0.484571
0.090890 0.479872
0.090983 0.479054
0.091118 0.477923
0.091166 0.477546
0.091408 0.475693
0.091408 0.475693
0.091448 0.475436
0.092423 0.469218
0.092580 0.468396
0.094119 0.460792
0.094318 0.459917
0.094494 0.459196
0.095718 0.454248
0.096226 0.452341
0.096226 0.452341
0.096467 0.451473
0.096967 0.449693
0.097240 0.448795
0.099255 0.442253
0.101265 0.436308
0.101371 0.436012
0.102748 0.432208
0.102762 0.432172
0.102980 0.431592
0.103960 0.429038
0.106901 0.421685
0.106915 0.421651
0.109088 0.416552
0.113983 0.405702
0.114808 0.403950
0.114988 0.403570
0.115075 0.403392
0.115186 0.403161
0.118515 0.396291
0.118601 0.396119
0.119991 0.393321
0.120861 0.391587
0.121658 0.390009
0.124439 0.384571
0.124612 0.384234
0.125402 0.382706
0.125888 0.381769
0.126114 0.381335
0.130441 0.373090
0.130496 0.372986
0.134120 0.366147
0.135162 0.364184
0.135531 0.363490
0.136473 0.361717
0.141966 0.351332
0.142151 0.350983
0.142454 0.350409
0.142720 0.349907
0.143275 0.348849
0.145411 0.344747
0.149296 0.337160
0.151049 0.333691
0.151773 0.332240
0.156589 0.322243
0.156677 0.322058
0.157124 0.321125
0.164996 0.302957
0.166311 0.299786
0.166625 0.298970
0.166829 0.298439
0.169182 0.291974
0.170827 0.287135
0.172151 0.282936
0.172262 0.282574
0.173055 0.279886
0.174216 0.275627
0.174431 0.274820
0.174472 0.274669
0.174491 0.274598
0.175288 0.271322
0.177031 0.262967
0.177031 0.262967
0.177488 0.260304
0.177610 0.259539
0.177781 0.258431
0.177830 0.258103
0.177884 0.257725
0.178063 0.256444
0.178315 0.254501
0.178491 0.252997
0.178652 0.251468
0.178718 0.250742
0.179037 0.246931
0.179063 0.246559
0.179171 0.244725
0.179220 0.243666
0.179258 0.242717
0.179277 0.242259
0.179330 0.240161
0.179349 0.238829
0.179351 0.237366
0.179350 0.236912
0.179349 0.236619
0.179332 0.235480
0.179295 0.233712
0.179276 0.233164
0.179159 0.230590
0.179096 0.229394
0.179079 0.229135
0.179050 0.228701
0.178817 0.225747
0.178655 0.224240
0.178481 0.222617
0.178403 0.221889
0.177581 0.215977
0.177425 0.215063
0.177393 0.214870
0.177358 0.214667
0.176935 0.212207
0.176892 0.211981
0.175703 0.206809
0.175497 0.205922
0.172209 0.193666
0.172202 0.193645
0.171457 0.191381
0.171169 0.190552
0.170737 0.189312
0.170563 0.188812
0.169605 0.186134
0.169290 0.185299
0.168781 0.183953
0.166855 0.179558
0.166242 0.178157
0.165170 0.175710
0.156797 0.158402
0.156132 0.157227
0.154639 0.154593
0.154020 0.153499
0.153361 0.152335
0.152660 0.151099
0.144781 0.138358
0.140592 0.132048
0.131841 0.119626
0.129434 0.116427
0.129232 0.116160
0.128626 0.115358
0.125849 0.111684
0.124213 0.109529
0.117145 0.100583
0.116921 0.100304
0.116248 0.099474
0.112138 0.094447
0.110565 0.092525
0.109148 0.090823
0.103320 0.083893
0.100969 0.081143
0.096154 0.075553
0.095468 0.074763
0.091835 0.070590
0.090901 0.069525
0.090499 0.069067
0.086676 0.064730
0.085153 0.063009
0.084763 0.062568
0.083220 0.060830
0.082870 0.060437
0.082102 0.059574
0.082032 0.059496
0.081460 0.058854
0.078014 0.054999
0.076772 0.053614
0.076138 0.052909
0.075369 0.052055
0.071656 0.047934
0.071560 0.047827
0.070801 0.046984
0.064077 0.039558
0.062290 0.037593
0.060260 0.035361
0.059566 0.034600
0.055384 0.030013
0.052762 0.027143
0.051697 0.025978
0.050155 0.024292
0.048894 0.022913
0.043898 0.017456
0.040267 0.013495
0.033897 0.006547
0.033273 0.005868
0.030140 0.002452
0.028780 0.000968
0.028780 0.000968
0.028780 0.000968
0.028780 0.000968
0.028780 0.000968
0.028780 0.000968
