0.05315309141651093
0.4664906864184943
0.34082308186710913
0.7430724579001279
0.7477558064384702
0.12733902489872434
0.39768365677293555
0.35486692739555575
0.30195060691171294
0.07151632525403445
1.3178362346821562
1.2078978842260737
0.07659751634668756
1.3381893722769382
1.0474148584713923
0.1679708616833757
0.35660577572649715
0.29178996232689247
1.2663816721825418
0.6736898271391432
1.0038150603147884
1.1854973588459257
0.7243829038216459
0.00843066622376217
1.0041103324587572
0.9610462952293671
0.7768921367831816
0.8197738917712163
0.038445722108201484
1.226667225494065
1.0252411173089393
0.3998061845987523
0.19253711627580722
1.2321916661848555
0.33499479321687536
0.3555665667239084
1.0229013950529076
0.47720810559171284
0.3912510049076815
0.5582401573664537
0.2677436458550352
1.1702917957793515
1.23747551388328
0.3452580299336013
1.2261732619660861
0.11047470125876674
0.9907081883393913
0.6216579116167272
0.8122402769428966
0.6632295418941371
0.13164077532463217
1.2997147748908264
0.45312499076322404
1.016106940958556
0.4246894676427161
0.949158343752507
1.3381893722769382
1.0709186757050335
0.524909884121033
1.042606208176609
1.2549136745109672
1.1462290126785397
0.9955196479333073
0.4377226804245047
0.41407381682769406
0.8295861339790627
0.6686956654213596
0.9992533893333716
0.6680987154202609
0.08039072433922664
0.3761019241856061
0.39474238168816006
0.6198346770774464
0.8593052126000188
0.6834591050042577
0.5122308557096713
0.5134694835894269
0.32205470579470685
0.2563204789850247
0.4544528338169502
0.7256584827226951
0.5590890777922825
0.8180792047567097
0.653131045017875
0.39742179236978714
0.5054317139639761
0.8279584256992152
0.7612500799645899
0.07771918125579119
0.32732680302053996
1.2351125543839574
0.49832171409454573
0.0538938924656396
0.5334154700128935
0.7143092410435089
0.8374208366927582
1.162978178193709
1.0725570841094307
0.28122537092430144
1.2461761629605983
1.1130338494399818
0.09010684618730307
0.8890406340858263
0.7459705442321785
0.673612302016046
0.9146675922185806
1.0027139956136923
0.6669154218634036
0.5159141537984919
0.4592375219303404
0.48024279635993605
0.6183966283818715
0.05699159380476769
0.656204795148092
0.1276754638338115
0.9927203642754505
0.44648379953486955
0.27658060382799815
0.8561372332033476
0.15559190291164968
0.9759472665520905
0.5558274739829955
0.14464570733983587
0.6601519848210283
0.9844898151687033
1.231498642900877
0.27767400724570385
0.1685944141590351
0.9804330108870561
0.2812077427096314
0.9397349320453291
0.529883042575879
1.2827149684614128
0.8406930469854472
0.7300552328314257
1.0028764822759872
1.204952737563136
0.03508338476218278
1.0137308240920286
1.2638926494730065
0.2703463577892102
1.2848660842171298
0.24457701176885566
1.1210668305916813
0.1423991044439542
1.0363603580405598
0.4905875843362771
0.68444644211229
0.27319297979320867
7.641262940615621E-4
0.515479841346139
1.252988979995928
0.06305197301880937
0.8103640014833735
0.2632178123072624
0.75801283492432
0.33499479321687536
1.075394630087108
0.32513913848198617
1.2389409732017935
0.5755157171636579
1.0029400054193873
0.9484146328431983
0.2762910041846178
1.2704881153212821
0.328983403601994
0.7569898738643277
1.004744309220203
0.8698110817628432
0.29996471534010605
0.19923251064471556
0.24825781156425536
1.2869405684468225
0.6001213809452491
1.0773797807753676
0.6683522777318907
0.3807985671203021
0.11301885085229332
0.6247653386507224
0.9856325834574552
0.9775933909553426
0.7283633175216045
1.1850901059167303
0.5177509802986826
0.2904008035289145
0.6952652081266669
0.08595254615692981
1.2471754127495343
1.0094789291613537
0.6876735667977831
0.9662427684826328
0.2743532696549669
1.0354998997794882
0.6780445271192266
1.0542432161456143
0.2282209910640119
0.8066617201556956
0.6463384352490366
0.2583407869710872
0.41184803501455897
1.2937548288643148
0.7916017109646953
0.2740837519642279
0.16328171505568354
0.808516582470018
0.5464275966162261
0.7897406644766868
0.7967867750722373
0.300446225744159
0.9264248679534615
0.09881840249173017
0.8780680441435089
0.9216498742095538
0.486099140658974
1.2157644276476613
0.11727685539449459
0.684791628648666
0.8578041180652475
0.36359851558231027
1.1940554211992949
0.6911579166159368
0.4403434151202435
1.2324591173827497
0.5028358593261596
1.2366103188627664
0.0492424024193754
0.07295924375211174
0.04022024854937611
0.3803307043799971
0.482346800819381
1.3381893722769382
0.6384854703670728
0.7896201012855845
0.1763200541605272
0.9902127619187565
0.9705909462710989
0.01565577470575182
0.45233146087342674
0.19053439682963424
0.7199794528393859
1.3084376820747499
0.26052254874239766
0.6943369155351684
0.5766287514058209
1.0798921189801904
0.5098947660066968
0.7540624963319388
0.0
0.9456819487596665
1.0133038501351754
1.0416354174868858
0.3030922239953131
0.0
0.5722150444529976
1.1651790358439322
0.6782444813688108
0.048620051866527875
0.29990855567784125
0.8329743131095004
1.0616741482198766
0.9757673446559987
0.9348260016042541
0.10588762941362098
0.6575639988589682
0.7156527516598342
0.37283598585740924
1.1950105760419878
0.3186044752420092
1.223380232731642
0.04250510530006771
0.29616056621540987
0.9778503565759183
0.26345386149038036
0.9428805439970875
0.35486692739555575
0.3637007312818425
0.22784603601757156
1.020596063656956
0.8142279494045015
0.7919754705982336
0.06059477543822272
1.0660661840924908
0.6754252853430385
1.0264881297910802
0.061256241612175605
0.21486903443546262
0.15485585465725935
1.2813819355156162
1.091378191692967
0.2808925669903802
1.157592720513162
1.0655096874528687
1.0748877630021403
1.2191610656005363
0.9759472665520905
1.309157091059932
1.3235180899800052
0.3373593677980167
0.47038884628476657
0.3242024525672277
1.2765748794169898
1.0314394278805532
1.1246782952077492
0.674151968569263
0.5975488319871469
0.8146798510670432
0.3780056011536745
0.6863968838104003
0.31007697729106604
0.10722221606857588
0.010989178884287604
1.1201380693046454
0.04816482578488846
1.314081212832927
0.16075648180878704
0.6317587908928116
0.6732866254498708
0.06988984029820997
0.8537142253976535
0.98246053797363
0.29959567153600886
0.4366305854339415
1.2356246091022136
0.8399765487090431
0.7299272433230563
0.6590634893918833
0.5672967788783496
0.6766358177362747
0.5587883889908375
1.1851015374314051
0.8591665267199642
0.06752972422568632
0.25269677955037356
0.2879460611887181
0.31750773883773614
0.7905417383833049
1.0834545213855247
1.1714286815294523
0.18284697613890827
0.43448596767606484
0.9196189658626475
0.0012876836899977406
0.30585579245308364
1.1183872688064689
0.04613177234730666
0.5895053999734289
0.09339172881895536
0.6314869418811826
0.5296067024348802
0.8911990597140002
0.30623152656376706
0.20474730590482004
1.253268844799034
1.139288801506971
0.9759472665520905
1.0167400412076628
0.3283678606665137
0.910967123995392
0.5413483118519641
0.0016241021561864014
0.14449863331462587
0.5304707301104155
1.2699227326636722
0.8564488332827189
0.12618288588901716
0.7064075148853827
1.110337969199733
0.6100954350552187
0.37038735121312877
0.28932791318882534
0.43738593221300276
0.8893486202559845
0.716052164925575
0.7718339312086319
0.37833226175303214
1.187860288701021
1.319505267449182
0.0021285142763627727
0.4383366328226214
0.14337168600935235
1.246811637407194
0.7905502582997138
0.49580084316968476
1.082265103870681
0.15775687098643307
0.024765854227275085
0.35569813171848674
1.1618699663030214
1.2428211180128972
0.6301475162453675
0.9313644562104787
0.4075878200048518
0.994362464651916
0.9561590448382341
1.0876782659569104
0.779179719280665
0.15485103625800953
0.5541650347306182
0.994856337731545
0.8755012638716223
