0.009874563526952552 0.9897877985344912
0.011207632941178646 0.9882965680725467
0.01254070235540474 0.9868053376106023
0.0155071676936214 0.9834912562147952
0.026453433531227536 0.9712671522420635
0.038764747865031535 0.957668123580432
0.042866912252334216 0.9532400486106327
0.04694385743281129 0.9489755168623355
0.05213642514770503 0.943725046464167
0.05765422917987154 0.9383295929206973
0.06211747363942912 0.9340885938503198
0.06664251288396801 0.9298908121061782
0.08281626217811415 0.9152111709597018
0.08787594298047678 0.9106277665184884
0.09318649682021496 0.9058127967979946
0.10468246507085718 0.8952476463149889
0.1166694019611303 0.8839489215095707
0.12182934281844872 0.8790488360343388
0.12721886509854716 0.873947821497635
0.1457644748558795 0.8565121479792814
0.1604271082947341 0.8429426582908873
0.1854551345980642 0.8196865206477788
0.19519751397548982 0.8102574004504542
0.20142519681506707 0.8039138732231804
0.20398747183866028 0.8011322428698129
0.20643439188843596 0.7982767978409623
0.21048051654074149 0.7931605032463671
0.21521580782205438 0.7865131999639935
0.21892515847003632 0.7805674187375513
0.22046132318746578 0.7776611849912651
0.22169617265825536 0.7748074170859715
0.22390970584904354 0.7682584825443814
0.2256399846694086 0.7605608688492724
0.22645832465669666 0.7511198460781529
0.2259057288745957 0.7431282971465801
0.22412430946975473 0.7350172132912234
0.22019588971869036 0.7241369612276103
0.21692376279726844 0.7175401907199124
0.21242325715530416 0.7103680512611648
0.20782635114140433 0.704272780475078
0.1984676857920802 0.6936559158382299
0.19122504174503177 0.6862673430618075
0.17527857530300844 0.6712548930078557
0.16562614928400024 0.6624615050789191
0.15912594469086752 0.6565631171913912
0.15313316145547823 0.6511706170476083
0.1413817653018236 0.640649869528498
0.13019472647161334 0.6305979503751271
0.11807451865192675 0.6195245477817526
0.11369349120579132 0.6154880081355427
0.10955795504240291 0.6116471265782611
0.10527130186140649 0.6076083292597937
0.10062025574841027 0.6031391392292024
0.09268637670566127 0.5953334660583095
0.08031269228328418 0.5828193611293756
0.07448816201989363 0.5767153129435455
0.06055483351451487 0.56137878247205
0.042682723664596384 0.53980268822993
0.03693057079435193 0.5316775582455047
0.03259517537922965 0.524168325356318
0.0282233077674346 0.5143698754267824
0.02423776665823229 0.5015477014384819
0.02330376700813872 0.49595886202673445
0.023116604401709557 0.4891980151282366
0.02355919200757965 0.48503500856601584
0.024415949231641143 0.4813601971050286
0.025962562996077746 0.4771103806476463
0.028212269014642816 0.4725906298429577
0.03286504149158513 0.46540374902163184
0.046062020106576375 0.4487645486396786
0.049562003694248326 0.44473716807982644
0.05323174590704379 0.44087943443330174
0.059296691101491356 0.43496207013841065
0.06775828835486988 0.42728919345848093
0.07774821920406184 0.41877006440211817
0.09385991367619646 0.4052511126776745
0.09838164625447968 0.4014364745539728
0.10270548446837385 0.39777656189934857
0.10665658169439443 0.3944425762578269
0.11066605151602493 0.3910656779333752
0.11883782133166512 0.3841748503506492
0.12210762803467377 0.3813963741063041
0.1254488761541925 0.37854414154398713
0.13673197349306201 0.36883129837893924
0.14439418362000772 0.3621780930819154
0.15275609849833277 0.35478631655663173
0.16134778594972343 0.34696364051894807
0.1732138648205812 0.33576596518269985
0.1870914213119462 0.32200833927435574
0.19930003145020828 0.3090806111735508
0.2114928526489806 0.29489464684200756
0.22008744385971474 0.28339053221826027
0.22817394326375715 0.2698827060237767
0.230322582291081 0.2649762289492534
0.2315395088196757 0.26076609281498003
0.2323819637257973 0.25553060638798436
0.23266782868965466 0.24995280970685127
0.23246664714690327 0.24565556919695175
0.2318700150565132 0.24129666528347254
0.2312080157269456 0.23834928452914847
0.23035889997496525 0.23565989569102272
0.22746376519306055 0.2286939774951871
0.22421731216214819 0.2225720039896399
0.21881431835579482 0.21425949782489345
0.2124965924706471 0.20607360060021054
0.2064726734902969 0.199178187994481
0.1969570937556419 0.1892364648048853
0.19034904044789647 0.18267366702010707
0.18605607424030227 0.17855641714608228
0.18184739880114129 0.1746160251238267
0.1672436109146499 0.16116308602364868
0.1557488051723946 0.15056253020990865
0.14500453863513352 0.1404354690158142
0.1310445409576592 0.12702879112343948
0.1230423304790472 0.1194058587353726
0.11020959242541263 0.10740348838614115
0.10613572130330104 0.10365074500642342
0.1015603580338226 0.09950392845587419
0.09149872674574931 0.09050749921115776
0.08236787886849324 0.0823130646463259
0.07702546957513952 0.07736466134690964
0.07194028398456405 0.07254124579195577
0.06967039268930122 0.07033610376815741
0.06738754553654488 0.0681293548415654
0.06263605757214293 0.06341244220959133
0.051074557068326 0.05178070669533576
0.042128777380514223 0.042763959879308734
0.03489480308408037 0.0355414784213906
0.01951326913712103 0.02033466019942146
0.012726276109400077 0.013834721700142407
-0.0021887778828343064 -3.211232893986478E-5

