0.04557288393189951 0.9504095709793027
0.1442958570081465 0.6432587870297791
0.22465547350408338 0.7374356870159855
0.06647766570092847 0.4284504469905246
0.07000645142179059 0.4253720239008563
0.09976407476299448 0.8997677991723895
0.19482858519791213 0.689943492667069
0.22019588971869036 0.7241369612276103
0.22139652583234207 0.7754999083692755
0.0585803197579723 0.9374496166351949
0.012717324136580273 0.013826398865951547
0.09148424426549912 0.09049450198041402
0.06226545671001774 0.9339513131332722
-0.0021887778828343064 -3.211232893986478E-5
0.20793921118035824 0.20085689292192319
0.12936275006481837 0.8719322459074049
0.21942321752353708 0.7225792156781528
0.21653351487158487 0.7844010249283679
0.04930780065184867 0.04999993454926204
0.02414679366658622 0.48251466178589053
0.2309445557840605 0.23751483265608417
0.10812819026514675 0.10548615522970607
0.05287165715946197 0.4412579695991883
0.015495449908450734 0.9835043471123471
0.23085565578179276 0.2372332612999403
0.22327137484736398 0.2780720397226203
0.09227397149637898 0.40658184023111665
0.1250272499669274 0.37890405972348956
0.0355732759744213 0.9611934106892203
0.07758446098647123 0.07788242679547241
0.22148818723220964 0.2183732451871032
0.1933427744843036 0.6884277450315134
0.14727207063528636 0.8551169480332255
0.07357011185637759 0.07408717503461162
0.2259057288745957 0.7431282971465801
0.21988499897219202 0.7235101900305061
0.22276328617493554 0.22033498495619327
0.13631913527859477 0.6361009313805853
0.1992837314839423 0.6945816724845671
0.07775014966669845 0.5801338426579209
0.20187903171783345 0.8034211856977086
0.11924803722250103 0.11585708273072562
0.06976162336855458 0.07042473206727512
0.2234590869126849 0.7331747958414689
0.0779468535565461 0.07821809268907463
0.0873108503791167 0.9111396659919812
0.23264175014451854 0.250461654234513
0.03693057079435193 0.5316775582455047
0.1192919823746883 0.3837889328381596
0.02321860267532558 0.4928824835430855
0.10293139521554415 0.896856933686377
0.025708501837559353 0.02645952250790326
0.15425132007611508 0.652176772332343
0.22615052494765647 0.22621754493564297
0.17531001920577552 0.6712844951784374
0.21668238684385613 0.2879483017794127
-0.0021887778828343064 -3.211232893986478E-5
0.19162634237161297 0.18394222128943086
0.10126185544671587 0.6037556523545583
0.21110288286020282 0.2044782599510531
0.05739066394278654 0.058135183315324815
0.13668162582046878 0.13244244395875587
0.23246664714690327 0.24565556919695175
0.1656758775055315 0.6625068076320886
0.18303936567686976 0.6785611183895334
0.1324651847841534 0.37250428358002047
0.023304809325055964 0.48742774790759663
0.2319603063866896 0.2419563201005674
0.023241700584290505 0.4880213526503765
0.06504633264137846 0.9313715542435616
0.20916930790398774 0.7060534749459245
0.19688753489905328 0.6920439272060375
0.03798404808026629 0.5331656341149713
0.15481232227575265 0.3529141380628558
0.027772310155896613 0.47347452506723964
0.11045845718045134 0.6124834684497076
0.10955092704671246 0.6116405049438647
0.22603263967377085 0.7560308875518129
0.19385829190844814 0.8115535607981312
0.153264259821799 0.6512885835969504
0.05377080750852802 0.4403534900478043
0.077164099227272 0.57951966778719
0.12373832119624632 0.3800043445508173
0.024639841781268268 0.5028412465413115
0.1950118953675024 0.690130496269604
0.11544681931215169 0.6171034690065721
0.1312315875608499 0.3735662026611853
0.08029132706477951 0.4166362011726139
0.06308777147760058 0.933188469380378
0.22643468830303157 0.7507780210353335
0.07145648639845321 0.07207124866461682
0.1206857671066005 0.6219102663964914
0.04608479994600682 0.9498741009158158
0.09519139510814977 0.597798005135795
0.04610398544063298 0.44871625973593554
0.1383967249977952 0.3673857711294882
0.12457616090540652 0.12086699071461103
0.19046383879082487 0.18278767916189528
0.21053063750512724 0.7930901444803938
0.06355640329775104 0.06432609082060084
0.16081452879173483 0.15523416078530813
0.07222491248313188 0.9248241067083383
0.17646746433674537 0.3325404834470061
0.06864804957670796 0.42653043038067656
0.02412919127842529 0.482590162121269
0.19441547939023865 0.3142528756828099
0.23125754493012002 0.23856980049297677
0.023116604401709557 0.4891980151282366
0.10777160930423563 0.6099640680072645
0.14969976573500682 0.648096778923528
0.13406182110280174 0.6340726609916818
0.03881496237252443 0.5343393314736486
0.0482479290377681 0.9476569034643284
0.023954393271531947 0.4998520601695879
0.1000117901845396 0.8995401410362043
0.23259755628504875 0.24845179018154753
0.15918785619983092 0.6566192966684117
0.20765295268678718 0.7967359367549753
0.15246604621047866 0.3550427173599959
0.12036774031177631 0.8804368320233529
0.230322582291081 0.2649762289492534
0.0794157405914218 0.5818793649236897
0.11241537419616532 0.8879587106217458
0.02330376700813872 0.49595886202673445
0.23220041349208717 0.2566588611794285
0.07407292402882612 0.07456410395109074
0.208331190777455 0.7958783097228583
0.12981705341628508 0.871505132158215
0.23155591383918397 0.2606641428395616
0.21052040960362753 0.7931045021955103
0.21100229228360506 0.2954653984123157
0.0977094607236521 0.6002753805925631
0.03778349767652079 0.03842558365546289
0.14086748292451787 0.36524037711739693
0.056917832491279526 0.43728304296691184
0.23122193658611395 0.23841126355324085
0.09367972482928076 0.0924575999830486
0.03331669016447556 0.9636860263657303
0.22726372908320566 0.22831676095977949
0.05106083830322927 0.05176687909887994
0.20364239793965047 0.8015068584059292
0.036261220374712744 0.03690572484264705
0.18541916152556284 0.819719946964157
0.1549177762426102 0.14977923981062424
0.11078054889582066 0.8894996748682931
0.21501838820642302 0.20934109923658462
0.126395637854498 0.627126983674631
0.028212269014642816 0.4725906298429577
0.20550834750932653 0.7993574497482714
0.01038382660292566 0.9892181143125518
0.10808771732133525 0.6102618985426267
0.05874750091841857 0.05950026294588867
0.052515705189271324 0.9433541764890271
0.11785906178638571 0.38500018726341434
0.19872384932148482 0.8066654698952149
0.07781142581487427 0.4187170291908487
0.2259057288745957 0.7431282971465801
0.1884178890003775 0.18082155995251473
0.22629899699321918 0.7529579770778919
0.06870819392987317 0.06940597970051132
0.06604880902665798 0.5674260469730704
0.2312080157269456 0.23834928452914847
0.21623727128315226 0.2885441021270494
0.20747331404106528 0.7969630884893055
0.04641560147347744 0.04708479147141213
0.22632041135766834 0.7491253667259777
0.07703263176924643 0.4193802970253797
0.23066477920680437 0.2366287014045005
0.16256038649324467 0.34581934446743134
0.2206078795410828 0.7773224896051776
0.1521860608726593 0.8505693106573771
0.18806474232291384 0.8171608229765825
0.034792675136371055 0.035440510524329505
0.050070570973637776 0.5487216626053587
0.18698516009617341 0.17944747438670924
0.023268506846394657 0.4877692112809208
0.206195487483885 0.7024226599667848
0.08919585729708077 0.9094310274099348
0.03537687399956572 0.5289864378391544
0.2323819637257973 0.25553060638798436
0.23077967761750076 0.26339484050439005
0.055706824447375944 0.4384645830353005
0.10842772507587514 0.1057620788522907
0.1064347017861901 0.6087044609733067
0.21579822640034907 0.7855796313215575
0.03426770925577732 0.4636352177025625
0.06914873041468136 0.9276161154160795
0.06284725155111215 0.06362209938533506
0.22893172073943016 0.23222599207186476
0.0299660562869746 0.4698816514489637
0.22594052069006726 0.2736134530920517
0.20626334665632262 0.7984763998908092
0.21554410988413045 0.21002227846163107
0.0254997855871321 0.47838200973427764
0.2032924809460269 0.19585557446525972
0.17343735490978257 0.8308534874396446
0.11502873937458365 0.3873868506402908
0.026656047799367262 0.5093277294684686
0.19530719552939765 0.8101456786525614
0.18465997651859378 0.6800868068175453
0.029946822456043545 0.030649700901941378
0.10351451917605334 0.3970938882154077
0.20608797183549984 0.7986810543748614
0.12595037205817936 0.8751484105484526
0.11644674571024113 0.3861911198022137
0.08600827442741593 0.5885795785512884
0.10209297799692689 0.398295017973557
0.10747793730766653 0.3937508053959354
0.22079909914228785 0.7768805763406943
0.2023265156195076 0.30555939194333825
0.07867565823958804 0.9189692717464656
0.16856562460502267 0.3401523749971961
0.19920948947204004 0.30917648630284167
0.1297093181336812 0.6301544660695715
0.0856296567676443 0.0852403311958197
0.09235030903621275 0.9065709510286306
0.028399861318342132 0.4723008663661562
0.15370237750917246 0.3539247356175043
0.2161967073227406 0.7163815335217217
0.10180182550714655 0.09972277912538904
0.03185963306474811 0.46695674792201713
0.16373516232478025 0.6607455937693705
0.07337606683516974 0.07390311886655555
0.11735588719233433 0.6188624235624174
0.07038219560195139 0.07102760230759086
0.042870479114598466 0.9532363176315064
0.059626327552108734 0.936455694361222
0.03676422464328991 0.9598778935443119
0.20650486536952586 0.7027736312870405
0.13249678550116195 0.6326664254740801
-0.0021887778828343064 -3.211232893986478E-5
0.029271647105572583 0.5167194663627462
0.10200095514808308 0.3983729107096718
0.13544574431546183 0.8662133127929891
0.23261639256477182 0.250956431286742
0.22817394326375715 0.2698827060237767
0.020315290940759633 0.9781218453710714
0.15484119537247093 0.6527075611987962
0.14580220295245186 0.8564772326266242
0.04983665532950487 0.4444484467492905
0.01950522196674346 0.02032695338252423
0.1968356527580461 0.8085887897910995
0.03369086318321173 0.4643625248893801
0.06530036507736382 0.5666022284985311
0.18516181979539467 0.17771916724845585
0.11217017560535873 0.6140732279076685
0.07480519703879832 0.42127979004688015
0.009874563526952552 0.9897877985344912
0.21460174302500362 0.2907333050909578
0.22746376519306055 0.2286939774951871
0.21174157829943366 0.20520935686607802
0.22182011551543926 0.7744407211349132
0.009874563526952552 0.9897877985344912
0.06826829916030681 0.5698690582070873
0.12298209515858326 0.1193495210604905
0.02556816643605233 0.4781941114601298
0.0424474738437947 0.9536928107485848
0.22058557716063223 0.7773740309622797
0.13503299648549494 0.3702938309371468
0.198154331086986 0.19048731892753268
0.23025040826347756 0.26514104035187097
0.20780254930172282 0.29918819882668235
0.0839112443855168 0.9142192612901995
0.02373035193962916 0.4985114482909076
0.046985269313873985 0.4477021791124424
0.21113583262566668 0.7086609897939381
0.10109126053167086 0.09908449324043514
0.2257346937450802 0.7594682294158621
0.07999593812500821 0.08011605600161514
0.03829767438100715 0.9581840510861488
0.2188468966507184 0.7806928659384788
0.23085103175330218 0.26314798038719434
0.1988892161754638 0.8064970269658419
0.21292508501710516 0.2929775614418122
0.22019588971869036 0.7241369612276103
0.21614237764867353 0.7162949521395046
0.1731626769219558 0.8311087192751482
0.2240196428292489 0.22226788971388883
0.12080666461965496 0.38250185105699536
0.10380017166658559 0.39685285104334633
0.05078159748530867 0.9450949819039357
0.19506934160195472 0.18736164099892305
0.02460405080502324 0.4808433278125133
0.22080859191125018 0.21732768776144681
0.05124672418291921 0.9446246685462115
0.16365621283662624 0.8399421620160277
0.11983400976927523 0.8809436838170683
0.038726843375400694 0.03936743063187884
0.1767388774223441 0.16991007982147904
0.21032766324185428 0.7933537851084118
0.12847554199992095 0.12458155414908165
0.1954641939077174 0.18775378914254298
0.1887837066320152 0.18117240422310601
0.08310174672788401 0.08297167075102185
0.230322582291081 0.2649762289492534
0.018985654160790247 0.019829360594214664
0.008556082935567547 0.009957606897818813
0.22539849214586397 0.7408187682225774
0.14139156603908748 0.6406586438971693
0.22621810913645088 0.7538911639067394
0.0421286465410411 0.042763829247704326
0.21802497176386115 0.2132367389724695
0.152289716426118 0.1473021491231345
0.024251724720072265 0.48206459048548644
0.05171161865864143 0.5507028164705031
0.12115103092645095 0.38220923021127223
0.20802304381581557 0.7045335852660725
0.02927224040061001 0.47095335055137105
0.22401035178165735 0.7678107318696771
0.08490034351985114 0.9133232677399756
0.017202221820849923 0.9815983259499862
0.15559363506363066 0.15041627386179063
0.042138104532789794 0.9540267589703395
0.015429380610503921 0.01642349893072685
0.1241163486274178 0.8768842564536669
0.032012507875840736 0.5228624215951609
0.02405524511615279 0.4829073327233758
0.05740470746999468 0.9385735817948725
0.15065065056470958 0.3566474931934932
0.23187802464681162 0.2586623659502954
0.22046132318746578 0.7776611849912651
0.16648319361973446 0.6632422749394254
0.07108920857946964 0.07171444754610515
0.14032647435918702 0.3657101424974844
0.0568262225133622 0.43737242376014307
0.023483186740268905 0.49703246849979243
0.07157551646856647 0.5735093397811851
0.025018031667480758 0.4797057828592947
0.07737167911209504 0.5797372093848933
0.1084193171889355 0.10575433372705123
0.1547097746591972 0.35300750700665046
0.055717249613639296 0.9402236223576493
0.1912544287869651 0.8140736985795376
0.21442998632297086 0.7876163198186964
0.2256399846694086 0.7605608688492724
0.10270441754449872 0.39777746499701294
0.18256129938578058 0.1752844178780461
0.11841772300646021 0.11508049563875025
0.1402010819097912 0.8617425774087563
0.16806857262952818 0.6646865597876135
0.19781507499510104 0.31065303531321575
0.010732759039847405 0.9888277830413176
0.2227050183747223 0.7718226574324001
0.1568791060615067 0.15160489820898734
0.04075645184066852 0.9555181818206463
0.056842582422819546 0.5568971694964451
0.0746573071042651 0.9226164132715556
0.03212327579547496 0.5231106802367096
0.097906447815288 0.6004691845121729
0.17800031083355378 0.33102088389134027
0.2228253295571499 0.7714667061136584
0.15623356705020533 0.8468235583292596
0.05855020679716174 0.05930177028170384
0.14168729603770466 0.13724970895896588
0.230322582291081 0.2649762289492534
0.22585391924384987 0.2256582230409449
0.22636287323242205 0.7497394433454742
0.19187475101629348 0.31694325937304046
0.08957954997666093 0.5921913820713915
0.010956970016798299 0.9885769707166454
0.11230835023662288 0.8880595899604398
0.09729053187096877 0.5998632213337336
0.04681380478533585 0.04748615374162573
0.15269950704621454 0.354836342342996
0.09891282530198849 0.9005501237628912
0.04119159936537212 0.45490534109085834
0.16279633287789777 0.15706178843716492
0.04370804933698758 0.5410405120527553
0.21258830637449935 0.7106310785989349
0.21523034035368815 0.7864899055219304
0.16592481396245487 0.6627335894619696
0.17668618649971 0.33232365149263404
0.047247266848972416 0.4474007023331509
0.08839911798032965 0.4098331405653776
0.20782635114140433 0.704272780475078
0.10639025372455864 0.10388521360647646
0.011494968488308499 0.012689949550520226
0.011293142806395323 0.9882009129517803
0.1652212994812228 0.6620941380001208
0.11148828454090348 0.8888325728086114
0.06310541714920481 0.06387838638004234
0.10271092765498538 0.3977719688698763
0.12254684878003638 0.6236106090750743
0.18342956303793626 0.17609733377465672
0.12193779480941935 0.8789461896115717
0.02639259189490084 0.9713350963701674
0.2198265369365117 0.7233923276608434
0.1253785700508488 0.12163136834247044
0.06593742555170387 0.06668978699973976
0.03268581416572644 0.5243253185925574
0.20554624200359492 0.3018133414684415
0.1877618756320034 0.6830070215047153
0.23252076308675027 0.24681148641361822
0.22076105998034434 0.2822653123889336
0.17946014636829294 0.17241689967462953
0.0940260085155516 0.40511099123188243
0.11983051580426647 0.8809470018254842
0.08056803533191426 0.5830776018921392
0.23249766699964028 0.24631815367646973
0.16669882105152864 0.3419140235026614
