0.043156 0.948099
0.14319 0.644494
0.219682 0.738528
0.0602576 0.421591
0.0784736 0.435301
0.10828 0.909034
0.19766 0.687168
0.224211 0.72233
0.211977 0.771424
0.0531037 0.931686
0.0210127 0.00490396
0.096253 0.0851808
0.0654805 0.937417
-0.00519311 0.00185881
0.199955 0.207832
0.129245 0.871807
0.224115 0.720252
0.209019 0.779713
0.0565963 0.0427688
0.0143474 0.48023
0.233386 0.236744
0.105795 0.108019
0.0517248 0.440167
0.0151074 0.983157
0.230942 0.237206
0.236496 0.285989
0.103824 0.420347
0.130546 0.385369
0.0493869 0.973699
0.0651419 0.0913157
0.223524 0.21705
0.192557 0.689198
0.145784 0.853509
0.0784657 0.0689259
0.249761 0.74113
0.231645 0.717677
0.221474 0.221173
0.147876 0.623239
0.190935 0.701941
0.0938251 0.564795
0.197747 0.799615
0.116648 0.118637
0.0697567 0.0704298
0.22088 0.734106
0.0647251 0.0924926
0.0808659 0.904025
0.240785 0.250879
0.0254496 0.538356
0.11651 0.380515
0.00499403 0.493387
0.103402 0.897369
0.0217156 0.0304983
0.152186 0.654472
0.242863 0.217355
0.172393 0.674383
0.212479 0.284808
-0.0126347 0.00203941
0.190983 0.18459
0.103609 0.601313
0.209638 0.205758
0.0474627 0.0680032
0.130844 0.138521
0.247956 0.244835
0.161486 0.667106
0.192482 0.668531
0.134846 0.37527
0.0132521 0.486359
0.236653 0.241314
0.00275198 0.485843
0.0593508 0.925232
0.214487 0.702043
0.191801 0.69703
0.0325269 0.537029
0.161884 0.360681
0.0227145 0.470957
0.104722 0.61866
0.111383 0.609696
0.25333 0.758397
0.194693 0.812416
0.151574 0.653167
0.0543128 0.440909
0.0791193 0.577654
0.123884 0.380175
0.0125505 0.506599
0.198435 0.686775
0.115251 0.617316
0.131135 0.373454
0.0840712 0.421141
0.0700709 0.940716
0.245568 0.749455
0.0770021 0.0663628
0.116751 0.626217
0.0397103 0.94378
0.0989723 0.593955
0.0481404 0.450486
0.134572 0.362981
0.1329 0.112129
0.190974 0.182274
0.213192 0.794986
0.0523961 0.0755682
0.159092 0.157102
0.0713417 0.923851
0.174974 0.331034
0.0658685 0.423271
0.0232921 0.482395
0.186225 0.306518
0.228661 0.239153
5.76564E-5 0.488515
0.106642 0.611163
0.153124 0.644272
0.124458 0.644761
0.032435 0.538856
0.05151 0.950883
-0.00201481 0.504192
0.114105 0.914875
0.241073 0.248055
0.163688 0.65166
0.208021 0.797027
0.150198 0.352477
0.105865 0.865165
0.237413 0.267428
0.0850585 0.576495
0.108798 0.884121
0.00987015 0.498039
0.227559 0.255912
0.0663105 0.0827478
0.196853 0.786801
0.130507 0.872239
0.240678 0.262132
0.210778 0.793288
0.202754 0.288376
0.0930848 0.604976
0.0346296 0.0415845
0.144053 0.368909
0.055907 0.436247
0.240043 0.23643
0.0950397 0.0909366
0.0221503 0.953577
0.227763 0.228052
0.0555945 0.0472689
0.193364 0.792039
0.0352213 0.0379473
0.190672 0.825373
0.154836 0.149866
0.107889 0.886432
0.216471 0.20822
0.120563 0.633511
0.0220072 0.469419
0.205551 0.799394
0.00992058 0.988804
0.106012 0.612465
0.0581076 0.0601363
0.0496153 0.940388
0.128456 0.397567
0.198265 0.806215
0.0819942 0.423702
0.233465 0.742501
0.191123 0.178001
0.255845 0.755519
0.0627105 0.0756105
0.0631573 0.570053
0.247416 0.234035
0.212682 0.285888
0.202046 0.792671
0.0526295 0.0409198
0.240238 0.748163
0.0809466 0.42397
0.246969 0.231481
0.15911 0.342163
0.227556 0.780329
0.138938 0.836254
0.180748 0.809601
0.031014 0.0392626
0.0529905 0.546303
0.181728 0.184929
0.0154783 0.486941
0.210388 0.698727
0.087834 0.907929
0.0327137 0.530524
0.239994 0.25631
0.244003 0.267217
0.0550028 0.437743
0.103564 0.111042
0.107578 0.607491
0.210514 0.782283
0.0402917 0.468413
0.0600234 0.917562
0.0655554 0.0608941
0.230871 0.23142
0.0242684 0.466193
0.223521 0.272165
0.207424 0.799471
0.217948 0.208167
0.0426544 0.484625
0.198322 0.200613
0.17568 0.833267
0.113963 0.386123
0.0142948 0.51317
0.186846 0.801839
0.18763 0.676932
0.0342311 0.0263162
0.104512 0.398276
0.206459 0.798999
0.122555 0.871561
0.121098 0.391707
0.0878394 0.586769
0.10088 0.396862
0.102909 0.388326
0.221706 0.777273
0.198831 0.302555
0.0899517 0.931393
0.172624 0.344453
0.20507 0.314711
0.129432 0.630458
0.0878689 0.0827452
0.0909178 0.904991
0.0228239 0.468691
0.156842 0.357373
0.217788 0.715383
0.101469 0.10009
0.014041 0.455421
0.161998 0.66266
0.0808126 0.066063
0.129452 0.605734
0.0777043 0.0634905
0.0360899 0.946754
0.0546865 0.931257
0.0388211 0.96174
0.203387 0.705522
0.125007 0.641002
-0.00721453 0.00403196
0.0302185 0.516297
0.0870705 0.380734
0.13451 0.865218
0.247281 0.251708
0.234806 0.2735
0.0193104 0.977222
0.155917 0.651512
0.139409 0.849569
0.0465511 0.441323
0.0240764 0.0155539
0.198924 0.810639
0.0369835 0.466974
0.0733556 0.559284
0.174102 0.189532
0.11868 0.607064
0.0753358 0.421902
0.0132697 0.993791
0.203782 0.28265
0.231717 0.226627
0.206615 0.209688
0.229747 0.77712
5.2893E-4 0.989078
0.0692579 0.56897
0.118091 0.124579
0.0373038 0.482465
0.0420526 0.953327
0.224609 0.779115
0.129232 0.363555
0.182835 0.20515
0.243561 0.27097
0.198156 0.290897
0.0863025 0.916859
0.0161875 0.499772
0.0491449 0.449579
0.208529 0.710627
0.106535 0.0929962
0.232458 0.760051
0.0758777 0.0845622
0.0447584 0.964033
0.217467 0.779832
0.233003 0.26377
0.2043 0.811809
0.217561 0.296441
0.225428 0.722188
0.215167 0.716907
0.174094 0.832111
0.217407 0.226566
0.120455 0.382088
0.10948 0.403584
0.0461647 0.940529
0.196662 0.185758
0.0296454 0.482678
0.219425 0.218227
0.0491833 0.942584
0.162515 0.838714
0.121311 0.882499
0.0317349 0.0463705
0.171104 0.176027
0.211686 0.794428
0.136336 0.11633
0.197782 0.18542
0.19366 0.176088
0.072838 0.0944083
0.245615 0.270124
0.0257383 0.0127785
0.00521551 0.0135507
0.229814 0.739849
0.142291 0.639654
0.255462 0.756426
0.0494661 0.0354147
0.22491 0.207923
0.140884 0.159403
0.0191579 0.480877
0.0482647 0.553558
0.116739 0.377017
0.210925 0.702345
0.0329634 0.473343
0.234306 0.770125
0.0781387 0.905859
0.0244506 0.988089
0.151162 0.155118
0.0455138 0.957154
0.0192036 0.0124826
0.130872 0.884022
0.0229207 0.526919
0.0186151 0.481639
0.0581952 0.939382
0.149448 0.355287
0.239153 0.259833
0.226347 0.780685
0.168351 0.661192
0.0767922 0.065844
0.13719 0.362098
0.0609841 0.441634
0.00175892 0.500663
0.0720569 0.573072
0.0240459 0.479352
0.0854257 0.572052
0.101871 0.112863
0.148782 0.346497
0.0573545 0.941898
0.187243 0.809929
0.208361 0.783293
0.250582 0.765297
0.101756 0.396657
0.186699 0.170865
0.12202 0.111229
0.138214 0.859629
0.164088 0.669056
0.197311 0.310177
0.0104869 0.988608
0.216064 0.769578
0.15356 0.155204
0.0311578 0.946626
0.0527816 0.560261
0.0751652 0.923176
0.0149882 0.530756
0.0995949 0.598753
0.178164 0.331186
0.215696 0.769057
0.163272 0.854429
0.0559539 0.0618824
0.133304 0.145979
0.236232 0.2667
0.226058 0.22555
0.25376 0.747845
0.187066 0.312402
0.0955833 0.586255
0.0143588 0.991618
0.113979 0.889832
0.0968067 0.600355
0.045269 0.0490188
0.155558 0.35807
0.0995496 0.901243
0.0465888 0.459186
0.169768 0.149502
0.0525735 0.533697
0.207543 0.713797
0.218587 0.788584
0.15298 0.676943
0.175371 0.330997
0.0476515 0.447752
0.0936533 0.416095
0.212161 0.70056
0.124071 0.0846915
0.0148203 0.00911325
0.0140328 0.99065
0.157277 0.670849
0.123534 0.901612
0.0559027 0.0711339
0.103332 0.398508
0.120161 0.626222
0.180564 0.179158
0.111234 0.867637
0.0271675 0.972029
0.21214 0.727205
0.132653 0.113995
0.0738381 0.0587312
0.0330986 0.524087
0.199426 0.296553
0.173841 0.697794
0.243617 0.246292
0.233586 0.289943
0.184043 0.167442
0.100365 0.412625
0.126987 0.888483
0.0777753 0.585839
0.24882 0.245554
0.162725 0.337703
