2.92456E-7 -1.0
-0.0063117 -1.0
-0.0124734 -0.99985
-0.0187854 -0.99985
-0.0250974 -0.999699
-0.0314094 -0.999549
-0.0377214 -0.999249
-0.0438831 -0.998948
-0.0501951 -0.998647
-0.0565071 -0.998347
-0.0628191 -0.998046
-0.0689808 -0.997595
-0.0752928 -0.997145
-0.0816048 -0.996694
-0.0877665 -0.996093
-0.0940785 -0.995491
-0.10039 -0.99489
-0.106552 -0.994289
-0.112864 -0.993538
-0.119026 -0.992786
-0.125338 -0.992035
-0.1315 -0.991283
-0.137812 -0.990382
-0.143973 -0.98948
-0.150135 -0.988578
-0.156447 -0.987677
-0.162609 -0.986625
-0.16877 -0.985573
-0.174932 -0.984521
-0.181244 -0.983469
-0.187406 -0.982266
-0.193567 -0.981064
-0.199729 -0.979862
-0.205891 -0.978509
-0.212053 -0.977307
-0.218064 -0.975954
-0.224226 -0.974451
-0.230387 -0.973099
-0.236549 -0.971596
-0.242561 -0.970093
-0.248722 -0.96859
-0.254734 -0.966937
-0.260745 -0.965284
-0.266907 -0.963631
-0.272918 -0.961978
-0.27893 -0.960325
-0.284941 -0.958521
-0.290953 -0.956718
-0.296964 -0.954764
-0.302975 -0.952961
-0.308987 -0.951007
-0.314998 -0.949053
-0.320859 -0.9471
-0.326871 -0.944996
-0.332732 -0.942892
-0.338743 -0.940788
-0.344604 -0.938684
-0.350466 -0.93658
-0.356327 -0.934325
-0.362188 -0.932071
-0.368049 -0.929817
-0.37391 -0.927412
-0.379771 -0.925008
-0.385482 -0.922603
-0.391343 -0.920198
-0.397054 -0.917794
-0.402915 -0.915239
-0.408626 -0.912684
-0.414337 -0.910129
-0.420048 -0.907424
-0.425759 -0.904869
-0.43147 -0.902164
-0.43703 -0.899309
-0.442741 -0.896604
-0.448301 -0.893748
-0.454012 -0.891043
-0.459573 -0.888037
-0.465133 -0.885182
-0.470694 -0.882326
-0.476255 -0.879321
-0.481665 -0.876315
-0.487225 -0.873309
-0.492636 -0.870153
-0.498196 -0.866997
-0.503607 -0.863841
-0.509017 -0.860685
-0.514427 -0.857529
-0.519837 -0.854223
-0.525097 -0.850917
-0.530508 -0.84761
-0.535768 -0.844304
-0.541028 -0.840848
-0.546288 -0.837541
-0.551548 -0.834085
-0.556808 -0.830628
-0.562068 -0.827021
-0.567177 -0.823565
-0.572437 -0.819958
-0.577547 -0.816351
-0.582657 -0.812744
-0.587766 -0.808987
-0.592876 -0.80523
-0.597836 -0.801473
-0.602945 -0.797716
-0.607905 -0.793959
-0.612864 -0.790201
-0.617824 -0.786294
-0.622783 -0.782387
-0.627592 -0.778479
-0.632552 -0.774421
-0.637361 -0.770514
-0.64217 -0.766456
-0.646979 -0.762399
-0.651788 -0.758341
-0.656597 -0.754283
-0.661256 -0.750075
-0.665915 -0.745867
-0.670724 -0.741659
-0.675233 -0.737451
-0.679892 -0.733243
-0.68455 -0.728885
-0.689059 -0.724677
-0.693567 -0.720319
-0.698076 -0.71596
-0.702585 -0.711452
-0.707093 -0.707094
-0.711451 -0.702585
-0.71596 -0.698076
-0.720318 -0.693568
-0.724677 -0.689059
-0.728885 -0.684551
-0.733243 -0.679892
-0.737451 -0.675383
-0.741659 -0.670724
-0.745867 -0.666066
-0.750075 -0.661256
-0.754283 -0.656598
-0.758341 -0.651788
-0.762398 -0.646979
-0.766456 -0.64217
-0.770514 -0.637361
-0.774421 -0.632552
-0.778479 -0.627743
-0.782386 -0.622783
-0.786294 -0.617824
-0.790051 -0.612864
-0.793958 -0.607905
-0.797715 -0.602946
-0.801473 -0.597836
-0.80523 -0.592876
-0.808987 -0.587767
-0.812594 -0.582657
-0.816351 -0.577547
-0.819958 -0.572438
-0.823564 -0.567178
-0.827021 -0.562068
-0.830628 -0.556808
-0.834084 -0.551698
-0.837541 -0.546438
-0.840847 -0.541178
-0.844304 -0.535768
-0.84761 -0.530508
-0.850916 -0.525098
-0.854223 -0.519838
-0.857529 -0.514427
-0.860685 -0.509017
-0.863841 -0.503607
-0.866997 -0.498197
-0.870153 -0.492786
-0.873159 -0.487226
-0.876315 -0.481665
-0.87932 -0.476255
-0.882176 -0.470694
-0.885182 -0.465134
-0.888037 -0.459573
-0.890892 -0.454013
-0.893748 -0.448302
-0.896603 -0.442741
-0.899308 -0.43703
-0.902164 -0.43147
-0.904719 -0.425759
-0.907424 -0.420048
-0.910129 -0.414337
-0.912684 -0.408626
-0.915239 -0.402916
-0.917643 -0.397205
-0.920198 -0.391344
-0.922603 -0.385633
-0.925007 -0.379772
-0.927412 -0.37391
-0.929666 -0.368049
-0.932071 -0.362188
-0.934325 -0.356327
-0.936579 -0.350466
-0.938683 -0.344605
-0.940787 -0.338744
-0.942891 -0.332883
-0.944995 -0.326871
-0.947099 -0.32086
-0.949053 -0.314999
-0.951007 -0.308987
-0.95296 -0.302976
-0.954764 -0.296964
-0.956717 -0.290953
-0.958521 -0.284941
-0.960324 -0.27893
-0.961977 -0.272919
-0.963631 -0.266907
-0.965284 -0.260896
-0.966937 -0.254734
-0.96859 -0.248723
-0.970093 -0.242561
-0.971596 -0.236549
-0.973099 -0.230388
-0.974451 -0.224226
-0.975804 -0.218064
-0.977156 -0.212053
-0.978509 -0.205891
-0.979861 -0.19973
-0.981064 -0.193568
-0.982266 -0.187406
-0.983468 -0.181244
-0.98452 -0.175083
-0.985572 -0.168771
-0.986624 -0.162609
-0.987676 -0.156447
-0.988578 -0.150286
-0.98948 -0.143974
-0.990381 -0.137812
-0.991283 -0.1315
-0.992035 -0.125338
-0.992786 -0.119026
-0.993537 -0.112864
-0.994289 -0.106552
-0.99489 -0.100391
-0.995491 -0.0940788
-0.996092 -0.0879171
-0.996693 -0.0816051
-0.997144 -0.0752931
-0.997595 -0.0689811
-0.998046 -0.0628194
-0.998347 -0.0565074
-0.998647 -0.0501954
-0.998948 -0.0440337
-0.999248 -0.0377217
-0.999399 -0.0314097
-0.999699 -0.0250977
-0.999849 -0.0187857
-0.999849 -0.012624
-1.0 -0.00631203
-1.0 -3.24617E-8
-1.0 0.00631196
-0.999849 0.012624
-0.999849 0.0187857
-0.999699 0.0250977
-0.999399 0.0314096
-0.999248 0.0377216
-0.998948 0.0440336
-0.998647 0.0501953
-0.998347 0.0565073
-0.998046 0.0628193
-0.997595 0.0691313
-0.997144 0.075293
-0.996693 0.081605
-0.996092 0.087917
-0.995491 0.0940787
-0.99489 0.100391
-0.994289 0.106552
-0.993537 0.112864
-0.992786 0.119026
-0.992035 0.125338
-0.991283 0.1315
-0.990381 0.137812
-0.98948 0.143974
-0.988578 0.150286
-0.987676 0.156447
-0.986624 0.162609
-0.985572 0.168771
-0.98452 0.175083
-0.983468 0.181244
-0.982266 0.187406
-0.981064 0.193568
-0.979861 0.199729
-0.978509 0.205891
-0.977156 0.212053
-0.975804 0.218215
-0.974451 0.224226
-0.973099 0.230388
-0.971596 0.236549
-0.970093 0.242561
-0.96859 0.248723
-0.966937 0.254734
-0.965284 0.260896
-0.963631 0.266907
-0.961977 0.272919
-0.960324 0.27893
-0.958521 0.284941
-0.956717 0.291103
-0.954764 0.296964
-0.95296 0.302976
-0.951007 0.308987
-0.949053 0.314998
-0.947099 0.32101
-0.944995 0.326871
-0.942891 0.332882
-0.940787 0.338744
-0.938683 0.344605
-0.936579 0.350466
-0.934325 0.356477
-0.932071 0.362338
-0.929666 0.368049
-0.927412 0.37391
-0.925007 0.379772
-0.922603 0.385633
-0.920198 0.391344
-0.917643 0.397205
-0.915239 0.402916
-0.912684 0.408626
-0.910129 0.414337
-0.907424 0.420048
-0.904719 0.425759
-0.902164 0.43147
-0.899308 0.437181
-0.896603 0.442741
-0.893748 0.448302
-0.890892 0.454013
-0.888037 0.459573
-0.885182 0.465134
-0.882176 0.470694
-0.87932 0.476255
-0.876315 0.481815
-0.873159 0.487226
-0.870153 0.492786
-0.866997 0.498197
-0.863841 0.503607
-0.860685 0.509017
-0.857529 0.514427
-0.854223 0.519838
-0.850916 0.525098
-0.84761 0.530508
-0.844304 0.535768
-0.840847 0.541178
-0.837541 0.546438
-0.834084 0.551698
-0.830628 0.556808
-0.827021 0.562068
-0.823564 0.567328
-0.819958 0.572438
-0.816351 0.577547
-0.812594 0.582657
-0.808987 0.587767
-0.80523 0.592876
-0.801473 0.597836
-0.797715 0.602946
-0.793958 0.607905
-0.790051 0.612864
-0.786294 0.617824
-0.782386 0.622783
-0.778479 0.627743
-0.774421 0.632552
-0.770514 0.637361
-0.766456 0.64217
-0.762398 0.646979
-0.758341 0.651788
-0.754283 0.656598
-0.750075 0.661256
-0.745867 0.666065
-0.741659 0.670724
-0.737451 0.675383
-0.733243 0.679892
-0.728885 0.684551
-0.724677 0.689059
-0.720318 0.693568
-0.71596 0.698227
-0.711451 0.702585
-0.707093 0.707093
-0.702585 0.711452
-0.698076 0.71596
-0.693567 0.720319
-0.689059 0.724677
-0.68455 0.728885
-0.679892 0.733243
-0.675233 0.737451
-0.670724 0.741659
-0.665915 0.745867
-0.661256 0.750075
-0.656597 0.754283
-0.651788 0.758341
-0.646979 0.762399
-0.64217 0.766456
-0.637361 0.770514
-0.632552 0.774421
-0.627592 0.778479
-0.622783 0.782387
-0.617824 0.786294
-0.612864 0.790201
-0.607905 0.793958
-0.602945 0.797716
-0.597836 0.801623
-0.592876 0.80523
-0.587766 0.808987
-0.582657 0.812744
-0.577547 0.816351
-0.572437 0.819958
-0.567177 0.823565
-0.562068 0.827021
-0.556808 0.830628
-0.551548 0.834085
-0.546288 0.837541
-0.541028 0.840998
-0.535768 0.844304
-0.530508 0.84761
-0.525097 0.850917
-0.519837 0.854223
-0.514427 0.857529
-0.509017 0.860685
-0.503607 0.863841
-0.498196 0.866997
-0.492636 0.870153
-0.487225 0.873309
-0.481665 0.876315
-0.476255 0.879321
-0.470694 0.882326
-0.465133 0.885182
-0.459573 0.888188
-0.454012 0.891043
-0.448301 0.893748
-0.442741 0.896604
-0.43703 0.899459
-0.43147 0.902164
-0.425759 0.904869
-0.420048 0.907424
-0.414337 0.910129
-0.408626 0.912684
-0.402915 0.915239
-0.397054 0.917794
-0.391343 0.920198
-0.385482 0.922603
-0.379771 0.925007
-0.37391 0.927412
-0.368049 0.929817
-0.362188 0.932071
-0.356327 0.934325
-0.350466 0.936579
-0.344604 0.938683
-0.338743 0.940787
-0.332732 0.943042
-0.326871 0.944995
-0.320859 0.947099
-0.314998 0.949053
-0.308987 0.951007
-0.302975 0.952961
-0.296964 0.954914
-0.290953 0.956718
-0.284941 0.958521
-0.27893 0.960325
-0.272918 0.961978
-0.266907 0.963631
-0.260745 0.965434
-0.254734 0.966937
-0.248722 0.96859
-0.242561 0.970093
-0.236549 0.971596
-0.230387 0.973099
-0.224226 0.974451
-0.218064 0.975954
-0.212053 0.977307
-0.205891 0.978509
-0.199729 0.979862
-0.193567 0.981064
-0.187406 0.982266
-0.181244 0.983469
-0.174932 0.984521
-0.16877 0.985573
-0.162609 0.986625
-0.156447 0.987677
-0.150135 0.988578
-0.143973 0.98948
-0.137812 0.990382
-0.1315 0.991283
-0.125338 0.992035
-0.119026 0.992937
-0.112864 0.993538
-0.106552 0.994289
-0.10039 0.99489
-0.0940785 0.995491
-0.0877665 0.996093
-0.0816048 0.996694
-0.0752928 0.997145
-0.0689808 0.997595
-0.0628191 0.998046
-0.0565071 0.998347
-0.0501951 0.998647
-0.0438831 0.998948
-0.0377214 0.999249
-0.0314094 0.999549
-0.0250974 0.999699
-0.0187854 0.99985
-0.0124734 0.99985
-0.0063117 1.0
2.92456E-7 1.0
0.00631229 1.0
0.0126243 0.99985
0.0189363 0.99985
0.025098 0.999699
0.03141 0.999549
0.037722 0.999249
0.044034 0.998948
0.0501957 0.998647
0.0565077 0.998347
0.0628196 0.998046
0.0691316 0.997595
0.0752933 0.997145
0.0816053 0.996694
0.0879173 0.996093
0.094079 0.995491
0.100391 0.99489
0.106553 0.994289
0.112865 0.993538
0.119177 0.992937
0.125338 0.992035
0.13165 0.991283
0.137812 0.990382
0.143974 0.98948
0.150286 0.988578
0.156448 0.987677
0.162609 0.986625
0.168921 0.985573
0.175083 0.984521
0.181245 0.983469
0.187406 0.982266
0.193568 0.981064
0.19973 0.979862
0.205891 0.978509
0.212053 0.977307
0.218215 0.975954
0.224226 0.974451
0.230388 0.973099
0.23655 0.971596
0.242561 0.970093
0.248723 0.96859
0.254734 0.966937
0.260896 0.965434
0.266907 0.963631
0.272919 0.961978
0.27893 0.960325
0.285092 0.958521
0.291103 0.956718
0.297115 0.954914
0.302976 0.952961
0.308987 0.951007
0.314999 0.949053
0.32101 0.947099
0.326871 0.944995
0.332883 0.943042
0.338744 0.940787
0.344605 0.938683
0.350616 0.936579
0.356478 0.934325
0.362339 0.932071
0.3682 0.929817
0.373911 0.927412
0.379772 0.925007
0.385633 0.922603
0.391344 0.920198
0.397205 0.917794
0.402916 0.915239
0.408627 0.912684
0.414338 0.910129
0.420048 0.907424
0.425759 0.904869
0.43147 0.902164
0.437181 0.899459
0.442742 0.896604
0.448452 0.893748
0.454013 0.891043
0.459573 0.888188
0.465134 0.885182
0.470695 0.882326
0.476255 0.879321
0.481816 0.876315
0.487226 0.873309
0.492787 0.870153
0.498197 0.866997
0.503607 0.863841
0.509017 0.860685
0.514428 0.857529
0.519838 0.854223
0.525248 0.850917
0.530508 0.84761
0.535768 0.844304
0.541179 0.840998
0.546439 0.837541
0.551699 0.834085
0.556808 0.830628
0.562068 0.827021
0.567328 0.823565
0.572438 0.819958
0.577548 0.816351
0.582657 0.812744
0.587767 0.808987
0.592877 0.80523
0.597836 0.801623
0.602946 0.797716
0.607905 0.793958
0.612865 0.790201
0.617824 0.786294
0.622784 0.782387
0.627743 0.778479
0.632552 0.774421
0.637361 0.770514
0.642321 0.766456
0.64713 0.762399
0.651789 0.758341
0.656598 0.754283
0.661257 0.750075
0.666066 0.745867
0.670725 0.741659
0.675384 0.737451
0.679892 0.733243
0.684551 0.728885
0.68906 0.724677
0.693718 0.720319
0.698227 0.71596
0.702585 0.711452
0.707094 0.707093
0.711602 0.702585
0.715961 0.698227
0.720319 0.693568
0.724677 0.689059
0.729035 0.684551
0.733243 0.679892
0.737451 0.675383
0.74181 0.670724
0.745867 0.666065
0.750075 0.661256
0.754283 0.656598
0.758341 0.651788
0.762399 0.646979
0.766457 0.64217
0.770514 0.637361
0.774572 0.632552
0.778479 0.627743
0.782387 0.622783
0.786294 0.617824
0.790202 0.612864
0.793959 0.607905
0.797866 0.602946
0.801623 0.597836
0.805381 0.592876
0.808987 0.587767
0.812745 0.582657
0.816351 0.577547
0.819958 0.572438
0.823565 0.567328
0.827022 0.562068
0.830628 0.556808
0.834085 0.551698
0.837542 0.546438
0.840998 0.541178
0.844304 0.535768
0.847611 0.530508
0.850917 0.525098
0.854223 0.519838
0.85753 0.514427
0.860686 0.509017
0.863992 0.503607
0.866998 0.498197
0.870154 0.492786
0.87331 0.487226
0.876315 0.481815
0.879321 0.476255
0.882327 0.470694
0.885182 0.465134
0.888188 0.459573
0.891043 0.454013
0.893899 0.448302
0.896604 0.442741
0.899459 0.437181
0.902164 0.43147
0.90487 0.425759
0.907424 0.420048
0.91013 0.414337
0.912684 0.408626
0.915239 0.402916
0.917794 0.397205
0.920199 0.391344
0.922603 0.385633
0.925008 0.379772
0.927412 0.37391
0.929817 0.368049
0.932071 0.362338
0.934326 0.356477
0.93658 0.350466
0.938684 0.344605
0.940938 0.338744
0.943042 0.332882
0.944996 0.326871
0.9471 0.32101
0.949053 0.314998
0.951007 0.308987
0.952961 0.302976
0.954915 0.296964
0.956718 0.291103
0.958521 0.284941
0.960325 0.27893
0.961978 0.272919
0.963781 0.266907
0.965435 0.260896
0.966937 0.254734
0.968591 0.248723
0.970093 0.242561
0.971596 0.236549
0.973099 0.230388
0.974452 0.224226
0.975955 0.218215
0.977307 0.212053
0.978509 0.205891
0.979862 0.199729
0.981064 0.193568
0.982267 0.187406
0.983469 0.181244
0.984521 0.175083
0.985573 0.168771
0.986625 0.162609
0.987677 0.156447
0.988579 0.150286
0.989631 0.143974
0.990382 0.137812
0.991284 0.1315
0.992035 0.125338
0.992937 0.119026
0.993538 0.112864
0.994289 0.106552
0.994891 0.100391
0.995492 0.0940787
0.996093 0.087917
0.996694 0.081605
0.997145 0.075293
0.997596 0.0691313
0.998047 0.0628193
0.998347 0.0565073
0.998798 0.0501953
0.999099 0.0440336
0.999249 0.0377216
0.999549 0.0314096
0.9997 0.0250977
0.99985 0.0187857
0.99985 0.012624
1.0 0.00631196
1.0 -3.24617E-8
1.0 -0.00631203
0.99985 -0.012624
0.99985 -0.0187857
0.9997 -0.0250977
0.999549 -0.0314097
0.999249 -0.0377217
0.999099 -0.0440337
0.998798 -0.0501954
0.998347 -0.0565074
0.998047 -0.0628194
0.997596 -0.0689811
0.997145 -0.0752931
0.996694 -0.0816051
0.996093 -0.0879171
0.995492 -0.0940788
0.994891 -0.100391
0.994289 -0.106552
0.993538 -0.112864
0.992937 -0.119026
0.992035 -0.125338
0.991284 -0.1315
0.990382 -0.137812
0.989631 -0.143974
0.988579 -0.150286
0.987677 -0.156447
0.986625 -0.162609
0.985573 -0.168771
0.984521 -0.175083
0.983469 -0.181244
0.982267 -0.187406
0.981064 -0.193568
0.979862 -0.19973
0.978509 -0.205891
0.977307 -0.212053
0.975955 -0.218064
0.974452 -0.224226
0.973099 -0.230388
0.971596 -0.236549
0.970093 -0.242561
0.968591 -0.248723
0.966937 -0.254734
0.965435 -0.260896
0.963781 -0.266907
0.961978 -0.272919
0.960325 -0.27893
0.958521 -0.284941
0.956718 -0.290953
0.954915 -0.296964
0.952961 -0.302976
0.951007 -0.308987
0.949053 -0.314999
0.9471 -0.32086
0.944996 -0.326871
0.943042 -0.332883
0.940938 -0.338744
0.938684 -0.344605
0.93658 -0.350466
0.934326 -0.356327
0.932071 -0.362188
0.929817 -0.368049
0.927412 -0.37391
0.925008 -0.379772
0.922603 -0.385633
0.920199 -0.391344
0.917794 -0.397205
0.915239 -0.402916
0.912684 -0.408626
0.91013 -0.414337
0.907424 -0.420048
0.90487 -0.425759
0.902164 -0.43147
0.899459 -0.43703
0.896604 -0.442741
0.893899 -0.448302
0.891043 -0.454013
0.888188 -0.459573
0.885182 -0.465134
0.882327 -0.470694
0.879321 -0.476255
0.876315 -0.481665
0.87331 -0.487226
0.870154 -0.492786
0.866998 -0.498197
0.863992 -0.503607
0.860686 -0.509017
0.85753 -0.514427
0.854223 -0.519838
0.850917 -0.525098
0.847611 -0.530508
0.844304 -0.535768
0.840998 -0.541178
0.837542 -0.546438
0.834085 -0.551698
0.830628 -0.556808
0.827022 -0.562068
0.823565 -0.567178
0.819958 -0.572438
0.816351 -0.577547
0.812745 -0.582657
0.808987 -0.587767
0.805381 -0.592876
0.801623 -0.597836
0.797866 -0.602946
0.793959 -0.607905
0.790202 -0.612864
0.786294 -0.617824
0.782387 -0.622783
0.778479 -0.627743
0.774572 -0.632552
0.770514 -0.637361
0.766457 -0.64217
0.762399 -0.646979
0.758341 -0.651788
0.754283 -0.656598
0.750075 -0.661256
0.745867 -0.666066
0.74181 -0.670724
0.737451 -0.675383
0.733243 -0.679892
0.729035 -0.684551
0.724677 -0.689059
0.720319 -0.693568
0.715961 -0.698076
0.711602 -0.702585
0.707094 -0.707094
0.702585 -0.711452
0.698227 -0.71596
0.693718 -0.720319
0.68906 -0.724677
0.684551 -0.728885
0.679892 -0.733243
0.675384 -0.737451
0.670725 -0.741659
0.666066 -0.745867
0.661257 -0.750075
0.656598 -0.754283
0.651789 -0.758341
0.64713 -0.762399
0.642321 -0.766456
0.637361 -0.770514
0.632552 -0.774421
0.627743 -0.778479
0.622784 -0.782387
0.617824 -0.786294
0.612865 -0.790201
0.607905 -0.793959
0.602946 -0.797716
0.597836 -0.801473
0.592877 -0.80523
0.587767 -0.808987
0.582657 -0.812744
0.577548 -0.816351
0.572438 -0.819958
0.567328 -0.823565
0.562068 -0.827021
0.556808 -0.830628
0.551699 -0.834085
0.546439 -0.837541
0.541179 -0.840848
0.535768 -0.844304
0.530508 -0.84761
0.525248 -0.850917
0.519838 -0.854223
0.514428 -0.857529
0.509017 -0.860685
0.503607 -0.863841
0.498197 -0.866997
0.492787 -0.870153
0.487226 -0.873309
0.481816 -0.876315
0.476255 -0.879321
0.470695 -0.882326
0.465134 -0.885182
0.459573 -0.888037
0.454013 -0.891043
0.448452 -0.893748
0.442742 -0.896604
0.437181 -0.899309
0.43147 -0.902164
0.425759 -0.904869
0.420048 -0.907424
0.414338 -0.910129
0.408627 -0.912684
0.402916 -0.915239
0.397205 -0.917794
0.391344 -0.920198
0.385633 -0.922603
0.379772 -0.925008
0.373911 -0.927412
0.3682 -0.929817
0.362339 -0.932071
0.356478 -0.934325
0.350616 -0.93658
0.344605 -0.938684
0.338744 -0.940788
0.332883 -0.942892
0.326871 -0.944996
0.32101 -0.9471
0.314999 -0.949053
0.308987 -0.951007
0.302976 -0.952961
0.297115 -0.954764
0.291103 -0.956718
0.285092 -0.958521
0.27893 -0.960325
0.272919 -0.961978
0.266907 -0.963631
0.260896 -0.965284
0.254734 -0.966937
0.248723 -0.96859
0.242561 -0.970093
0.23655 -0.971596
0.230388 -0.973099
0.224226 -0.974451
0.218215 -0.975954
0.212053 -0.977307
0.205891 -0.978509
0.19973 -0.979862
0.193568 -0.981064
0.187406 -0.982266
0.181245 -0.983469
0.175083 -0.984521
0.168921 -0.985573
0.162609 -0.986625
0.156448 -0.987677
0.150286 -0.988578
0.143974 -0.98948
0.137812 -0.990382
0.13165 -0.991283
0.125338 -0.992035
0.119177 -0.992786
0.112865 -0.993538
0.106553 -0.994289
0.100391 -0.99489
0.094079 -0.995491
0.0879173 -0.996093
0.0816053 -0.996694
0.0752933 -0.997145
0.0691316 -0.997595
0.0628196 -0.998046
0.0565077 -0.998347
0.0501957 -0.998647
0.044034 -0.998948
0.037722 -0.999249
0.03141 -0.999549
0.025098 -0.999699
0.0189363 -0.99985
0.0126243 -0.99985
0.00631229 -1.0
