0.852594 1.0178
0.859459 0.975078
0.881446 0.837529
0.889286 0.788091
0.892967 0.76469
0.894862 0.752582
0.896855 0.739791
0.90951 0.65657
0.93022 0.505101
0.935322 0.466561
0.936777 0.454098
0.938161 0.441458
0.938484 0.438503
0.947717 0.329504
0.948374 0.320418
0.948669 0.31633
0.952584 0.191322
0.952662 0.182974
0.952749 0.17352
0.952823 0.165709
0.952905 0.132325
0.948505 0.0568139
0.927468 -0.0940127
0.925002 -0.10861
0.916179 -0.157609
0.91245 -0.172549
0.894136 -0.238225
0.888176 -0.256498
0.87409 -0.298616
0.783771 -0.480782
0.759261 -0.525353
0.753724 -0.533174
0.744826 -0.545742
0.731479 -0.564376
0.705998 -0.596549
0.68254 -0.623656
0.604586 -0.698015
0.562032 -0.733252
0.541381 -0.748626
0.515163 -0.76621
0.492217 -0.78047
0.433774 -0.811555
0.283209 -0.867281
0.254081 -0.875344
0.248897 -0.876561
0.218255 -0.882758
0.20167 -0.885721
0.18291 -0.888589
0.13658 -0.893969
-0.0354686 -0.892275
-0.0393054 -0.892238
-0.0862396 -0.886066
-0.144531 -0.875066
-0.175347 -0.86778
-0.18156 -0.866181
-0.237759 -0.849632
-0.271504 -0.838272
-0.445342 -0.756966
-0.472917 -0.740866
-0.475009 -0.739608
-0.548604 -0.68971
-0.663465 -0.59167
-0.721554 -0.530833
-0.742846 -0.5046
-0.789112 -0.444854
-0.824561 -0.39032
-0.829364 -0.381879
-0.881444 -0.277809
-0.887657 -0.262369
-0.893434 -0.246933
-0.901295 -0.224062
-0.910802 -0.188925
-0.936465 -0.0482462
-0.936877 -0.0135723
-0.933969 0.0707905
-0.93261 0.0808371
-0.926415 0.12047
-0.917041 0.157417
-0.904564 0.195772
-0.904526 0.195887
-0.840656 0.35015
-0.771146 0.454898
-0.732132 0.500174
-0.572283 0.66618
-0.554875 0.681563
-0.473038 0.739854
-0.241327 0.895732
-0.169864 0.934699
-0.0791822 0.981701
-0.0265386 1.00696
0.000347452 1.01925
0.00969822 1.02353
0.015911 1.02637
0.19733 1.10854
0.256665 1.13448
0.268413 1.1396
0.273331 1.14174
0.281871 1.14546
0.29983 1.15328
0.474943 1.22955
