2.1667387413763093
1.8470974244810483
1.7165151634967994
1.7437959372122758
1.7537578479993137
1.943385027588896
1.3925749741929603
1.6468191600551179
1.2972017043197352
1.6098069053187112
1.410709912180564
1.3846376938098923
0.8443616356349481
1.1317805595539259
1.0260180949535493
0.9150268388439168
0.6973047825265506
1.0851534099942983
0.7206340293385727
0.649313417799491
0.3898919688191439
0.8660913729535333
0.6914008387751049
0.6443746710137681
0.33588748750445474
0.0
0.24700915184591657
0.3251463657976902
0.4227757666241209
0.12117716885082505
0.28580546007016766
0.21803753228339356
5.512917398272836
0.0
0.0
5.512917398272836
5.512917398272836
5.189922267475582
5.512917398272836
4.610612495983446
5.3276779133884595
5.327398005322559
5.327366597082431
5.212139555979521
5.182567406497152
4.85662426436203
4.94926442025497
4.809416369910138
4.774115744758888
4.942027569442987
4.717667863255035
4.39803709162055
4.533777511276352
4.395671424973561
4.50616308504989
4.1079352771174955
4.771858282101928
4.468799735891405
4.4420390731558745
4.140548184320659
4.007738669942051
3.8855858942004082
4.003627081456042
3.9780629937593144
3.702948589837044
3.655777600865801
3.67909235571401
3.8434241545941026
3.853533041289101
3.699976976516971
3.4086457380346444
3.983459620293788
3.2446693675459812
3.5917419493848124
2.9009162462026485
2.9577897931680304
3.197981144647644
3.3700237098315275
3.316978236681091
3.354463290151136
3.149372746597163
2.8251483012881926
3.71360530677077
2.85572363485802
2.768130412998221
2.154864547832708
2.922515499661071
2.6483213516693933
2.1228797756869024
2.2048630383995866
2.5214633920064724
2.548151363096307
2.4356379811781297
2.8939106098633496
2.1970739888047888
2.454183432056159
2.583311244827895
2.0473809047381657
2.215485031102801
1.8252837261817718
