-1.1010478398495214 0.3982602981299012
-1.0210503064623155 -0.08888467990137089
-0.834092012340457 -0.47380535755559317
-0.46626227878558896 -0.8233180542012047
0.01697419981885653 -0.9996124195004129
0.5158535886817757 -0.8899111643842492
0.8035207439322615 -0.6321184340102023
0.9677272523782348 -0.2923247159292483
1.0540085852348198 0.0017283589977234912
1.0388708856674416 0.31879892282162386
0.9430808492294754 0.5671703656038412
0.6266405771987985 0.8521390702549967
0.19096922408765382 1.0038666677200234
-0.32480864798650866 0.9581044665296501

