0.2351161580944321 -0.951644018418796
-0.07348181844373552 -0.9666122487079455
-0.19615546492688352 -0.921858440576278
-0.17052693035155708 -0.9312082443194766
-0.1611683550521668 -0.934622440402677
0.01697419981885653 -0.9996124195004129
-0.49266403997081204 -0.7982310372848187
-0.2616303833656477 -0.8979718763365203
-0.5618026184911097 -0.7325353938485628
-0.2964010192763388 -0.8852868505565382
-0.4795175489709407 -0.8107228646213026
-0.4984179821784329 -0.7927636275735572
-0.8678337448575407 -0.40433590391777857
-0.6817207341383036 -0.6185889122211905
-0.7583907117220979 -0.5457369152983444
-0.8369602621572504 -0.4679000369687351
-0.9320825831008166 -0.2720566355854577
-0.7155219747300451 -0.5864708921932517
-0.9218900829005151 -0.2930415515129302
-0.9530499121592598 -0.22888787140902314
-1.0378671508012842 0.013521493379121952
-0.8583400670823094 -0.42388204333800156
-0.9346620040462957 -0.2667459727825433
-0.9552076405252172 -0.22444541396834547
-1.0466183963103637 0.06681220273927618
-1.1010478398495214 0.3982602981299012
-1.0610208332350692 0.15451584211679376
-1.0483589591453453 0.07741136008960403
-1.0325384413894596 -0.018927682482260788
-1.0814114850713057 0.2786847160835427
-1.0547340212918537 0.11623230090883163
-1.0657155872520534 0.1831045466134228
-0.32480864798650866 0.9581044665296501
-1.1010478398495214 0.3982602981299012
-1.1010478398495214 0.3982602981299012
-0.32480864798650866 0.9581044665296501
-0.32480864798650866 0.9581044665296501
-0.003077378707621009 0.9866499545607024
-0.32480864798650866 0.9581044665296501
0.5540799908771379 0.8774091353043061
-0.14029399463767145 0.9744754609950881
-0.14001518183606276 0.9745001985579276
-0.1399838964945862 0.9745029743382945
-0.02520773222924788 0.9846864471186361
0.004248703119430958 0.987299958464822
0.32175407549330504 0.9583193276277827
0.23426757368495532 0.9887875157131587
0.3663357528828247 0.9427932418455324
0.3996725729298437 0.931183307942975
0.2411018320640212 0.9864074060343698
0.45298020869171973 0.912618306037452
0.7275082973916638 0.7613031492136653
0.6266405771987985 0.8521390702549967
0.7292662070992009 0.759720072416784
0.647160656810754 0.8336598151689354
0.9430808492294754 0.5671703656038412
0.4018044509358412 0.9304408567222815
0.674925090263537 0.8086566934561409
0.6948107444248232 0.7907487670373026
0.9188464346992564 0.5889945464274063
0.9791354094102435 0.47368545356108527
1.0230906363224004 0.3597151124696906
0.9806149157397124 0.4698492808721483
0.9898138493594323 0.44599761007058947
1.0454892031166234 0.18017325940180928
1.047738695622232 0.13305593791605078
1.0466268604149371 0.15634416704803716
1.0382620380376266 0.3203775876794202
1.0346244751102993 0.3298093280364299
1.0456309135627866 0.1772050269524414
1.0214458913609405 -0.10924767654214762
0.9878719373362077 0.4510327422085419
0.9752781836772859 -0.2665905913679256
1.0507924310057761 0.06909314122295802
0.8298259434820837 -0.5776848939240832
0.8545722153723184 -0.5264772541429131
0.9590819709009368 -0.3102144595504274
1.0105718215000357 -0.14630729968084827
0.9956368165901677 -0.19720688563295524
1.0061907701016026 -0.16123824235953424
0.9379319512786661 -0.3539803484481932
0.792117939880822 -0.6423370492976557
1.0449810050610044 0.19081785195116643
0.810162168186961 -0.6183752866635193
0.7496556712897875 -0.6803895831311665
0.22351903804381212 -0.954194171128423
0.8392240033399216 -0.5582374205439841
0.6604316629239914 -0.7603476190477348
0.19228060142876227 -0.9610633579119229
0.27235085936496034 -0.9434562809527073
0.5659582105098474 -0.8450099407663824
0.5858332327274914 -0.8271989527887319
0.49774087901137687 -0.893894064918437
0.8267777182373679 -0.5839926085162305
0.2647435601492778 -0.9451290906350369
0.5158535886817757 -0.8899111643842492
0.6120174423938164 -0.8037339906636998
0.11854342787977913 -0.9772778190975794
0.2827249975414736 -0.9411750562636978
-0.09397438683308412 -0.9591361485013051
