0.206192 -0.820108
-0.0351665 -0.861587
-0.195221 -0.919297
-0.235046 -1.10806
-0.149985 -0.903968
-0.076495 -1.25954
-0.437481 -0.740156
-0.16321 -0.628194
-0.624737 -0.798768
-0.317252 -0.942441
-0.591824 -0.928915
-0.513976 -0.809137
-0.995792 -0.466486
-0.58446 -0.516231
-0.959122 -0.756988
-0.787947 -0.444094
-0.839795 -0.227232
-0.344755 -0.196273
-0.945747 -0.304629
-1.02916 -0.265855
-1.22362 -0.0169823
-0.977307 -0.481665
-1.09032 -0.34235
-0.860384 -0.178389
-0.948301 0.0829576
-1.12669 0.500301
-1.3174 0.112414
-0.860835 0.108206
-1.3712 -0.0745417
-1.133 0.270213
-0.792455 0.159303
-1.01939 0.190712
-0.444544 0.521641
-0.948903 0.686955
-0.947851 0.607154
-0.58461 0.715209
-0.387736 0.619928
-0.0120226 1.08747
-0.364142 1.11001
0.453261 0.587917
-0.154493 1.13451
-0.129997 0.861587
-0.170874 1.32266
-0.0351665 1.09693
-0.00105171 1.04704
0.340247 1.01142
0.27863 1.11617
0.377518 0.974902
0.38428 0.886985
0.245417 0.998798
0.408777 0.785693
0.677337 0.705591
0.734295 0.998798
0.785543 0.822212
0.760145 0.959122
1.18605 0.81079
0.492185 1.18996
0.617974 0.745416
0.622182 0.710099
0.83153 0.492035
0.925008 0.45281
0.914939 0.318004
0.88383 0.432522
0.993839 0.44755
0.8948 0.172979
1.00256 0.130899
1.3132 0.169071
1.08822 0.339645
1.01142 0.32086
1.21837 0.185452
1.0266 -0.11076
1.07665 0.485272
1.03321 -0.283589
0.894199 0.061617
0.606252 -0.469642
1.00721 -0.60024
0.764353 -0.216111
0.823866 -0.0915239
0.90487 -0.170574
1.29666 -0.246468
0.66321 -0.22122
0.870755 -0.730087
1.08055 0.192516
1.06372 -0.740908
0.771566 -0.704839
0.181245 -0.761948
0.681395 -0.481966
0.597085 -0.68966
0.195522 -0.975804
0.306132 -1.09708
0.561016 -0.839495
0.668771 -0.919748
0.514728 -0.971145
0.738804 -0.541479
0.261046 -0.928314
0.64217 -1.03968
0.626691 -0.820108
0.172979 -1.22483
0.238654 -0.740757
-0.0981362 -0.970544
