-2.55582e-07 1
-0.00309415 1
-0.00632256 1
-0.00941645 1
-0.0125103 1
-0.0157388 0.999866
-0.0188326 0.999866
-0.0219265 0.999866
-0.025155 0.999731
-0.0282488 0.999597
-0.0313427 0.999597
-0.0345711 0.999462
-0.037665 0.999328
-0.0407589 0.999193
-0.0439873 0.999058
-0.0470812 0.998924
-0.0501751 0.998789
-0.0534035 0.998655
-0.0564974 0.998386
-0.0595913 0.998251
-0.0628197 0.998117
-0.0659136 0.997848
-0.0690075 0.997713
-0.0722359 0.997444
-0.0753298 0.997175
-0.0784237 0.996906
-0.0816521 0.996772
-0.084746 0.996503
-0.0878399 0.996234
-0.0909338 0.995965
-0.0941622 0.995561
-0.0972561 0.995292
-0.10035 0.995023
-0.103444 0.994619
-0.106672 0.99435
-0.109766 0.993947
-0.11286 0.993678
-0.115954 0.993274
-0.119048 0.992871
-0.122276 0.992602
-0.12537 0.992198
-0.128464 0.991795
-0.131558 0.991391
-0.134652 0.990987
-0.137746 0.990449
-0.14084 0.990046
-0.144068 0.989642
-0.147162 0.989104
-0.150256 0.988701
-0.15335 0.988163
-0.156444 0.987759
-0.159538 0.987221
-0.162631 0.986683
-0.165725 0.986279
-0.168819 0.985741
-0.171913 0.985203
-0.175007 0.984665
-0.178101 0.983993
-0.181195 0.983455
-0.184289 0.982916
-0.187383 0.982378
-0.190476 0.981706
-0.19357 0.981168
-0.196664 0.980495
-0.199758 0.979957
-0.202718 0.979284
-0.205811 0.978612
-0.208905 0.977939
-0.211999 0.977267
-0.215093 0.976594
-0.218187 0.975922
-0.221146 0.975249
-0.22424 0.974576
-0.227334 0.973904
-0.230428 0.973097
-0.233387 0.972424
-0.236481 0.971617
-0.239575 0.970944
-0.242535 0.970137
-0.245628 0.969465
-0.248722 0.968658
-0.251682 0.967851
-0.254776 0.967043
-0.25787 0.966236
-0.260829 0.965429
-0.263923 0.964622
-0.266882 0.963815
-0.269976 0.962873
-0.272935 0.962066
-0.276029 0.961259
-0.278989 0.960318
-0.281948 0.95951
-0.285042 0.958569
-0.288001 0.957627
-0.291095 0.95682
-0.294055 0.955878
-0.297014 0.954937
-0.299973 0.953995
-0.303067 0.953054
-0.306027 0.952112
-0.308986 0.95117
-0.311945 0.950094
-0.315039 0.949153
-0.317999 0.948211
-0.320958 0.947135
-0.323917 0.946193
-0.326877 0.945117
-0.329836 0.944041
-0.332796 0.943099
-0.335755 0.942023
-0.338714 0.940947
-0.341674 0.939871
-0.344633 0.938795
-0.347592 0.937719
-0.350552 0.936643
-0.353511 0.935432
-0.356471 0.934356
-0.359295 0.93328
-0.362255 0.932069
-0.365214 0.930993
-0.368174 0.929782
-0.370998 0.928706
-0.373958 0.927495
-0.376917 0.926285
-0.379742 0.925074
-0.382701 0.923863
-0.385526 0.922787
-0.388486 0.921442
-0.39131 0.920231
-0.39427 0.919021
-0.397095 0.91781
-0.400054 0.9166
-0.402879 0.915254
-0.405838 0.914044
-0.408663 0.912699
-0.411488 0.911488
-0.414313 0.910143
-0.417272 0.908798
-0.420097 0.907587
-0.422922 0.906242
-0.425747 0.904897
-0.428572 0.903551
-0.431397 0.902206
-0.434221 0.900861
-0.437046 0.899516
-0.439871 0.898036
-0.442696 0.896691
-0.445521 0.895346
-0.448346 0.893866
-0.451171 0.892521
-0.453995 0.891041
-0.45682 0.889562
-0.459511 0.888216
-0.462335 0.886737
-0.46516 0.885257
-0.467985 0.883777
-0.470676 0.882298
-0.4735 0.880818
-0.476191 0.879338
-0.479016 0.877859
-0.481706 0.876379
-0.484531 0.874899
-0.487221 0.873285
-0.490046 0.871805
-0.492736 0.870191
-0.495427 0.868711
-0.498117 0.867097
-0.500942 0.865483
-0.503632 0.864003
-0.506323 0.862389
-0.509013 0.860775
-0.511703 0.859161
-0.514394 0.857547
-0.517084 0.855932
-0.519774 0.854318
-0.522465 0.852704
-0.525155 0.85109
-0.527845 0.849341
-0.530536 0.847727
-0.533226 0.846113
-0.535782 0.844364
-0.538472 0.84275
-0.541162 0.841001
-0.543718 0.839252
-0.546409 0.837638
-0.548964 0.835889
-0.551655 0.834141
-0.554211 0.832392
-0.556901 0.830643
-0.559457 0.828894
-0.562013 0.827146
-0.564703 0.825397
-0.567259 0.823648
-0.569815 0.821765
-0.57237 0.820016
-0.575061 0.818133
-0.577617 0.816384
-0.580172 0.814636
-0.582728 0.812752
-0.585284 0.810869
-0.58784 0.80912
-0.590261 0.807237
-0.592817 0.805354
-0.595373 0.803471
-0.597929 0.801587
-0.60035 0.799704
-0.602906 0.797821
-0.605462 0.795938
-0.607883 0.794054
-0.610439 0.792171
-0.61286 0.790153
-0.615416 0.78827
-0.617837 0.786387
-0.620259 0.784369
-0.622814 0.782486
-0.625236 0.780468
-0.627657 0.77845
-0.630078 0.776567
-0.6325 0.774549
-0.635055 0.772532
-0.637477 0.770514
-0.639898 0.768496
-0.642185 0.766478
-0.644606 0.764461
-0.647027 0.762443
-0.649449 0.760425
-0.65187 0.758407
-0.654157 0.75639
-0.656578 0.754237
-0.658999 0.75222
-0.661286 0.750202
-0.663708 0.74805
-0.665994 0.746032
-0.668281 0.74388
-0.670702 0.741727
-0.672989 0.73971
-0.675276 0.737557
-0.677697 0.735405
-0.679984 0.733253
-0.682271 0.7311
-0.684558 0.729083
-0.686844 0.72693
-0.689131 0.724644
-0.691418 0.722491
-0.693705 0.720339
-0.695857 0.718187
-0.698144 0.716035
-0.700431 0.713748
-0.702583 0.711595
-0.70487 0.709309
-0.707157 0.707156
-0.709309 0.70487
-0.711596 0.702717
-0.713748 0.700431
-0.7159 0.698278
-0.718187 0.695991
-0.720339 0.693705
-0.722492 0.691418
-0.724644 0.689131
-0.726796 0.686844
-0.728948 0.684558
-0.731101 0.682271
-0.733253 0.679984
-0.735405 0.677697
-0.737557 0.67541
-0.739575 0.673124
-0.741727 0.670702
-0.74388 0.668415
-0.745897 0.665994
-0.74805 0.663707
-0.750068 0.661421
-0.75222 0.658999
-0.754238 0.656578
-0.756255 0.654291
-0.758408 0.65187
-0.760425 0.649449
-0.762443 0.647162
-0.764461 0.64474
-0.766479 0.642319
-0.768496 0.639898
-0.770514 0.637477
-0.772532 0.635055
-0.77455 0.632634
-0.776433 0.630213
-0.778451 0.627791
-0.780468 0.625236
-0.782352 0.622814
-0.784369 0.620393
-0.786253 0.617972
-0.78827 0.615416
-0.790154 0.612994
-0.792037 0.610439
-0.79392 0.608017
-0.795938 0.605461
-0.797821 0.60304
-0.799704 0.600484
-0.801588 0.597929
-0.803471 0.595373
-0.805354 0.592951
-0.807103 0.590396
-0.808986 0.58784
-0.810869 0.585284
-0.812752 0.582728
-0.814501 0.580172
-0.816384 0.577616
-0.818133 0.575061
-0.819882 0.572505
-0.821765 0.569949
-0.823514 0.567259
-0.825263 0.564703
-0.827011 0.562147
-0.828895 0.559591
-0.830643 0.556901
-0.832392 0.554345
-0.834141 0.551655
-0.835755 0.549099
-0.837504 0.546408
-0.839252 0.543853
-0.841001 0.541162
-0.842615 0.538472
-0.844364 0.535916
-0.845978 0.533226
-0.847727 0.530535
-0.849341 0.527845
-0.850955 0.525289
-0.85257 0.522599
-0.854318 0.519909
-0.855932 0.517218
-0.857547 0.514528
-0.859161 0.511838
-0.860775 0.509147
-0.862389 0.506322
-0.863869 0.503632
-0.865483 0.500942
-0.867097 0.498251
-0.868577 0.495561
-0.870191 0.492736
-0.871671 0.490046
-0.873285 0.487355
-0.874765 0.484531
-0.876245 0.48184
-0.877859 0.479015
-0.879338 0.476325
-0.880818 0.4735
-0.882298 0.47081
-0.883777 0.467985
-0.885257 0.46516
-0.886737 0.46247
-0.888082 0.459645
-0.889562 0.45682
-0.891041 0.453995
-0.892387 0.451305
-0.893866 0.44848
-0.895211 0.445655
-0.896691 0.44283
-0.898036 0.440005
-0.899381 0.437181
-0.900727 0.434356
-0.902072 0.431531
-0.903417 0.428706
-0.904762 0.425881
-0.906107 0.422922
-0.907453 0.420097
-0.908798 0.417272
-0.910143 0.414447
-0.911353 0.411622
-0.912699 0.408663
-0.913909 0.405838
-0.915254 0.403013
-0.916465 0.400054
-0.91781 0.397229
-0.919021 0.39427
-0.920232 0.391445
-0.921442 0.388485
-0.922653 0.385661
-0.923864 0.382701
-0.925074 0.379876
-0.926285 0.376917
-0.927496 0.373958
-0.928572 0.371133
-0.929782 0.368173
-0.930858 0.365214
-0.932069 0.362389
-0.933145 0.35943
-0.934356 0.35647
-0.935432 0.353511
-0.936508 0.350552
-0.937584 0.347592
-0.938795 0.344633
-0.939871 0.341808
-0.940813 0.338849
-0.941889 0.335889
-0.942965 0.33293
-0.944041 0.329971
-0.945117 0.326877
-0.946059 0.323917
-0.947135 0.320958
-0.948077 0.317998
-0.949153 0.315039
-0.950094 0.31208
-0.951036 0.30912
-0.951978 0.306026
-0.952919 0.303067
-0.953861 0.300108
-0.954803 0.297148
-0.955744 0.294054
-0.956686 0.291095
-0.957627 0.288136
-0.958569 0.285042
-0.959376 0.282082
-0.960318 0.278989
-0.961125 0.276029
-0.962066 0.272935
-0.962874 0.269976
-0.963681 0.267017
-0.964488 0.263923
-0.965429 0.260829
-0.966236 0.257869
-0.967044 0.254775
-0.967851 0.251816
-0.968523 0.248722
-0.96933 0.245628
-0.970137 0.242669
-0.970945 0.239575
-0.971617 0.236481
-0.972424 0.233522
-0.973097 0.230428
-0.973769 0.227334
-0.974577 0.224375
-0.975249 0.221281
-0.975922 0.218187
-0.976594 0.215093
-0.977267 0.211999
-0.977939 0.20904
-0.978612 0.205946
-0.979285 0.202852
-0.979823 0.199758
-0.980495 0.196664
-0.981033 0.19357
-0.981706 0.190476
-0.982244 0.187382
-0.982917 0.184289
-0.983455 0.181195
-0.983993 0.178101
-0.984531 0.175007
-0.985069 0.171913
-0.985607 0.168819
-0.986145 0.165725
-0.986683 0.162631
-0.987221 0.159537
-0.987625 0.156443
-0.988163 0.15335
-0.988701 0.150256
-0.989104 0.147162
-0.989508 0.144068
-0.990046 0.140974
-0.99045 0.13788
-0.990853 0.134786
-0.991257 0.131558
-0.99166 0.128464
-0.992064 0.12537
-0.992467 0.122276
-0.992871 0.119182
-0.993274 0.116088
-0.993543 0.11286
-0.993947 0.109766
-0.994351 0.106672
-0.99462 0.103578
-0.994889 0.10035
-0.995292 0.097256
-0.995561 0.0941621
-0.99583 0.0910682
-0.996099 0.0878398
-0.996368 0.0847459
-0.996637 0.081652
-0.996906 0.0785581
-0.997175 0.0753297
-0.997444 0.0722358
-0.997579 0.0691419
-0.997848 0.0659135
-0.997982 0.0628196
-0.998252 0.0597257
-0.998386 0.0566318
-0.998521 0.0534034
-0.99879 0.0503095
-0.998924 0.0472156
-0.999059 0.0439872
-0.999193 0.0408933
-0.999328 0.0377994
-0.999462 0.034571
-0.999462 0.0314771
-0.999597 0.0283832
-0.999731 0.0251548
-0.999731 0.0220609
-0.999866 0.0188325
-0.999866 0.0157386
-0.999866 0.0126447
-1 0.0094163
-1 0.00632241
-1 0.00322851
-1 1.02502e-07
-1 -0.00309379
-1 -0.00618768
-1 -0.00941609
-0.999866 -0.01251
-0.999866 -0.0156039
-0.999866 -0.0188323
-0.999731 -0.0219262
-0.999731 -0.0250201
-0.999597 -0.0282485
-0.999462 -0.0313424
-0.999462 -0.0344363
-0.999328 -0.0376647
-0.999193 -0.0407586
-0.999059 -0.0438525
-0.998924 -0.0470809
-0.99879 -0.0501748
-0.998521 -0.0532687
-0.998386 -0.0564971
-0.998252 -0.059591
-0.997982 -0.0626849
-0.997848 -0.0659133
-0.997579 -0.0690072
-0.997444 -0.0721011
-0.997175 -0.0753295
-0.996906 -0.0784234
-0.996637 -0.0815173
-0.996368 -0.0846111
-0.996099 -0.0878396
-0.99583 -0.0909334
-0.995561 -0.0940273
-0.995292 -0.0971212
-0.994889 -0.10035
-0.99462 -0.103444
-0.994351 -0.106537
-0.993947 -0.109631
-0.993543 -0.11286
-0.993274 -0.115954
-0.992871 -0.119048
-0.992467 -0.122141
-0.992064 -0.125235
-0.99166 -0.128464
-0.991257 -0.131558
-0.990853 -0.134651
-0.99045 -0.137745
-0.990046 -0.140839
-0.989508 -0.143933
-0.989104 -0.147027
-0.988701 -0.150121
-0.988163 -0.153215
-0.987625 -0.156443
-0.987221 -0.159537
-0.986683 -0.162631
-0.986145 -0.165725
-0.985607 -0.168819
-0.985069 -0.171913
-0.984531 -0.175007
-0.983993 -0.178101
-0.983455 -0.181194
-0.982917 -0.184288
-0.982244 -0.187382
-0.981706 -0.190476
-0.981033 -0.193435
-0.980495 -0.196529
-0.979823 -0.199623
-0.979285 -0.202717
-0.978612 -0.205811
-0.977939 -0.208905
-0.977267 -0.211999
-0.976594 -0.215093
-0.975922 -0.218052
-0.975249 -0.221146
-0.974577 -0.22424
-0.973769 -0.227334
-0.973097 -0.230293
-0.972424 -0.233387
-0.971617 -0.236481
-0.970945 -0.23944
-0.970137 -0.242534
-0.96933 -0.245628
-0.968523 -0.248587
-0.967851 -0.251681
-0.967044 -0.254775
-0.966236 -0.257735
-0.965429 -0.260829
-0.964488 -0.263788
-0.963681 -0.266882
-0.962874 -0.269841
-0.962066 -0.272935
-0.961125 -0.275894
-0.960318 -0.278988
-0.959376 -0.281948
-0.958569 -0.284907
-0.957627 -0.288001
-0.956686 -0.29096
-0.955744 -0.294054
-0.954803 -0.297014
-0.953861 -0.299973
-0.952919 -0.302932
-0.951978 -0.306026
-0.951036 -0.308986
-0.950094 -0.311945
-0.949153 -0.314904
-0.948077 -0.317864
-0.947135 -0.320958
-0.946059 -0.323917
-0.945117 -0.326876
-0.944041 -0.329836
-0.942965 -0.332795
-0.941889 -0.335755
-0.940813 -0.338714
-0.939871 -0.341673
-0.938795 -0.344633
-0.937584 -0.347592
-0.936508 -0.350551
-0.935432 -0.353376
-0.934356 -0.356336
-0.933145 -0.359295
-0.932069 -0.362254
-0.930858 -0.365214
-0.929782 -0.368039
-0.928572 -0.370998
-0.927496 -0.373957
-0.926285 -0.376782
-0.925074 -0.379742
-0.923864 -0.382701
-0.922653 -0.385526
-0.921442 -0.388485
-0.920232 -0.39131
-0.919021 -0.394269
-0.91781 -0.397094
-0.916465 -0.399919
-0.915254 -0.402879
-0.913909 -0.405703
-0.912699 -0.408663
-0.911353 -0.411488
-0.910143 -0.414313
-0.908798 -0.417137
-0.907453 -0.420097
-0.906107 -0.422922
-0.904762 -0.425746
-0.903417 -0.428571
-0.902072 -0.431396
-0.900727 -0.434221
-0.899381 -0.437046
-0.898036 -0.439871
-0.896691 -0.442696
-0.895211 -0.44552
-0.893866 -0.448345
-0.892387 -0.45117
-0.891041 -0.453995
-0.889562 -0.456685
-0.888082 -0.45951
-0.886737 -0.462335
-0.885257 -0.46516
-0.883777 -0.46785
-0.882298 -0.470675
-0.880818 -0.473366
-0.879338 -0.47619
-0.877859 -0.479015
-0.876245 -0.481706
-0.874765 -0.484396
-0.873285 -0.487221
-0.871671 -0.489911
-0.870191 -0.492736
-0.868577 -0.495426
-0.867097 -0.498117
-0.865483 -0.500807
-0.863869 -0.503632
-0.862389 -0.506322
-0.860775 -0.509013
-0.859161 -0.511703
-0.857547 -0.514393
-0.855932 -0.517084
-0.854318 -0.519774
-0.85257 -0.522464
-0.850955 -0.525155
-0.849341 -0.527845
-0.847727 -0.530401
-0.845978 -0.533091
-0.844364 -0.535781
-0.842615 -0.538472
-0.841001 -0.541028
-0.839252 -0.543718
-0.837504 -0.546408
-0.835755 -0.548964
-0.834141 -0.551654
-0.832392 -0.55421
-0.830643 -0.556766
-0.828895 -0.559456
-0.827011 -0.562012
-0.825263 -0.564568
-0.823514 -0.567258
-0.821765 -0.569814
-0.819882 -0.57237
-0.818133 -0.574926
-0.816384 -0.577482
-0.814501 -0.580038
-0.812752 -0.582593
-0.810869 -0.585149
-0.808986 -0.587705
-0.807103 -0.590261
-0.805354 -0.592817
-0.803471 -0.595373
-0.801588 -0.597794
-0.799704 -0.60035
-0.797821 -0.602905
-0.795938 -0.605327
-0.79392 -0.607883
-0.792037 -0.610438
-0.790154 -0.61286
-0.78827 -0.615281
-0.786253 -0.617837
-0.784369 -0.620258
-0.782352 -0.622679
-0.780468 -0.625235
-0.778451 -0.627657
-0.776433 -0.630078
-0.77455 -0.632499
-0.772532 -0.634921
-0.770514 -0.637342
-0.768496 -0.639763
-0.766479 -0.642184
-0.764461 -0.644606
-0.762443 -0.647027
-0.760425 -0.649448
-0.758408 -0.651735
-0.756255 -0.654156
-0.754238 -0.656578
-0.75222 -0.658865
-0.750068 -0.661286
-0.74805 -0.663573
-0.745897 -0.665994
-0.74388 -0.668281
-0.741727 -0.670702
-0.739575 -0.672989
-0.737557 -0.675276
-0.735405 -0.677562
-0.733253 -0.679849
-0.731101 -0.682271
-0.728948 -0.684557
-0.726796 -0.686844
-0.724644 -0.689131
-0.722492 -0.691283
-0.720339 -0.69357
-0.718187 -0.695857
-0.7159 -0.698144
-0.713748 -0.700296
-0.711596 -0.702583
-0.709309 -0.704869
-0.707157 -0.707022
-0.70487 -0.709308
-0.702583 -0.711461
-0.700431 -0.713748
-0.698144 -0.7159
-0.695857 -0.718052
-0.693705 -0.720204
-0.691418 -0.722491
-0.689131 -0.724643
-0.686844 -0.726796
-0.684558 -0.728948
-0.682271 -0.7311
-0.679984 -0.733253
-0.677697 -0.735405
-0.675276 -0.737423
-0.672989 -0.739575
-0.670702 -0.741727
-0.668281 -0.743745
-0.665994 -0.745897
-0.663708 -0.747915
-0.661286 -0.750067
-0.658999 -0.752085
-0.656578 -0.754237
-0.654157 -0.756255
-0.65187 -0.758273
-0.649449 -0.76029
-0.647027 -0.762443
-0.644606 -0.76446
-0.642185 -0.766478
-0.639898 -0.768496
-0.637477 -0.770514
-0.635055 -0.772397
-0.6325 -0.774415
-0.630078 -0.776433
-0.627657 -0.77845
-0.625236 -0.780333
-0.622814 -0.782351
-0.620259 -0.784234
-0.617837 -0.786252
-0.615416 -0.788135
-0.61286 -0.790153
-0.610439 -0.792036
-0.607883 -0.79392
-0.605462 -0.795803
-0.602906 -0.797686
-0.60035 -0.799569
-0.597929 -0.801453
-0.595373 -0.803336
-0.592817 -0.805219
-0.590261 -0.807102
-0.58784 -0.808986
-0.585284 -0.810869
-0.582728 -0.812618
-0.580172 -0.814501
-0.577617 -0.81625
-0.575061 -0.818133
-0.57237 -0.819882
-0.569815 -0.82163
-0.567259 -0.823513
-0.564703 -0.825262
-0.562013 -0.827011
-0.559457 -0.82876
-0.556901 -0.830508
-0.554211 -0.832257
-0.551655 -0.834006
-0.548964 -0.835755
-0.546409 -0.837503
-0.543718 -0.839252
-0.541162 -0.840866
-0.538472 -0.842615
-0.535782 -0.844229
-0.533226 -0.845978
-0.530536 -0.847592
-0.527845 -0.849341
-0.525155 -0.850955
-0.522465 -0.852569
-0.519774 -0.854183
-0.517084 -0.855798
-0.514394 -0.857412
-0.511703 -0.859026
-0.509013 -0.86064
-0.506323 -0.862254
-0.503632 -0.863869
-0.500942 -0.865483
-0.498117 -0.866963
-0.495427 -0.868577
-0.492736 -0.870191
-0.490046 -0.871671
-0.487221 -0.87315
-0.484531 -0.874764
-0.481706 -0.876244
-0.479016 -0.877724
-0.476191 -0.879204
-0.4735 -0.880818
-0.470676 -0.882297
-0.467985 -0.883777
-0.46516 -0.885122
-0.462335 -0.886602
-0.459511 -0.888082
-0.45682 -0.889561
-0.453995 -0.890907
-0.451171 -0.892386
-0.448346 -0.893731
-0.445521 -0.895211
-0.442696 -0.896556
-0.439871 -0.898036
-0.437046 -0.899381
-0.434221 -0.900726
-0.431397 -0.902071
-0.428572 -0.903417
-0.425747 -0.904762
-0.422922 -0.906107
-0.420097 -0.907452
-0.417272 -0.908797
-0.414313 -0.910008
-0.411488 -0.911353
-0.408663 -0.912698
-0.405838 -0.913909
-0.402879 -0.915254
-0.400054 -0.916465
-0.397095 -0.917675
-0.39427 -0.918886
-0.39131 -0.920231
-0.388486 -0.921442
-0.385526 -0.922653
-0.382701 -0.923863
-0.379742 -0.925074
-0.376917 -0.92615
-0.373958 -0.927361
-0.370998 -0.928571
-0.368174 -0.929782
-0.365214 -0.930858
-0.362255 -0.932069
-0.359295 -0.933145
-0.356471 -0.934221
-0.353511 -0.935432
-0.350552 -0.936508
-0.347592 -0.937584
-0.344633 -0.93866
-0.341674 -0.939736
-0.338714 -0.940812
-0.335755 -0.941889
-0.332796 -0.942965
-0.329836 -0.944041
-0.326877 -0.944982
-0.323917 -0.946059
-0.320958 -0.947
-0.317999 -0.948076
-0.315039 -0.949018
-0.311945 -0.950094
-0.308986 -0.951036
-0.306027 -0.951977
-0.303067 -0.952919
-0.299973 -0.953861
-0.297014 -0.954802
-0.294055 -0.955744
-0.291095 -0.956685
-0.288001 -0.957627
-0.285042 -0.958434
-0.281948 -0.959376
-0.278989 -0.960183
-0.276029 -0.961124
-0.272935 -0.961932
-0.269976 -0.962873
-0.266882 -0.96368
-0.263923 -0.964487
-0.260829 -0.965294
-0.25787 -0.966102
-0.254776 -0.966909
-0.251682 -0.967716
-0.248722 -0.968523
-0.245628 -0.96933
-0.242535 -0.970137
-0.239575 -0.97081
-0.236481 -0.971617
-0.233387 -0.972289
-0.230428 -0.973096
-0.227334 -0.973769
-0.22424 -0.974442
-0.221146 -0.975114
-0.218187 -0.975921
-0.215093 -0.976594
-0.211999 -0.977267
-0.208905 -0.977939
-0.205811 -0.978477
-0.202718 -0.97915
-0.199758 -0.979822
-0.196664 -0.98036
-0.19357 -0.981033
-0.190476 -0.981706
-0.187383 -0.982244
-0.184289 -0.982782
-0.181195 -0.983454
-0.178101 -0.983992
-0.175007 -0.98453
-0.171913 -0.985069
-0.168819 -0.985607
-0.165725 -0.986145
-0.162631 -0.986683
-0.159538 -0.987086
-0.156444 -0.987624
-0.15335 -0.988162
-0.150256 -0.988566
-0.147162 -0.989104
-0.144068 -0.989508
-0.14084 -0.989911
-0.137746 -0.990449
-0.134652 -0.990853
-0.131558 -0.991256
-0.128464 -0.99166
-0.12537 -0.992063
-0.122276 -0.992467
-0.119048 -0.99287
-0.115954 -0.99314
-0.11286 -0.993543
-0.109766 -0.993947
-0.106672 -0.994216
-0.103444 -0.994619
-0.10035 -0.994888
-0.0972561 -0.995157
-0.0941622 -0.995561
-0.0909338 -0.99583
-0.0878399 -0.996099
-0.084746 -0.996368
-0.0816521 -0.996637
-0.0784237 -0.996906
-0.0753298 -0.997175
-0.0722359 -0.99731
-0.0690075 -0.997579
-0.0659136 -0.997713
-0.0628197 -0.997982
-0.0595913 -0.998117
-0.0564974 -0.998386
-0.0534035 -0.99852
-0.0501751 -0.998655
-0.0470812 -0.998789
-0.0439873 -0.998924
-0.0407589 -0.999058
-0.037665 -0.999193
-0.0345711 -0.999327
-0.0313427 -0.999462
-0.0282488 -0.999596
-0.025155 -0.999596
-0.0219265 -0.999731
-0.0188326 -0.999731
-0.0157388 -0.999865
-0.0125103 -0.999865
-0.00941645 -0.999865
-0.00632256 -0.999865
-0.00309415 -1
