0.232437 1.01553
0.0552069 0.986859
0.0355472 0.983687
0.0107974 0.9797
0.00176192 0.978245
-0.159137 0.950803
-0.189449 0.945203
-0.213869 0.940359
-0.214772 0.940175
-0.223012 0.938487
-0.226231 0.937828
-0.235832 0.935807
-0.243985 0.934057
-0.258402 0.9309
-0.280415 0.925893
-0.292291 0.923116
-0.298066 0.921764
-0.33462 0.912643
-0.351571 0.908305
-0.354925 0.907447
-0.411528 0.891458
-0.4933 0.865281
-0.505852 0.861127
-0.578091 0.83332
-0.627099 0.812065
-0.650024 0.80127
-0.652025 0.800252
-0.654897 0.798789
-0.688783 0.78063
-0.716414 0.764443
-0.794988 0.707623
-0.804426 0.700562
-0.813584 0.692615
-0.826306 0.680872
-0.828974 0.678312
-0.882237 0.617481
-0.898552 0.59844
-0.903665 0.592248
-0.977954 0.457307
-0.987687 0.431805
-0.991304 0.421149
-0.994981 0.409118
-1.00258 0.377093
-1.02727 0.195705
-1.02734 0.153346
-1.02535 0.0953862
-1.02303 0.0756444
-1.00349 -0.0760908
-1.00121 -0.088122
-0.999872 -0.0950255
-0.998942 -0.0996273
-0.996996 -0.109186
-0.992743 -0.129345
-0.989489 -0.143333
-0.980308 -0.180749
-0.962232 -0.245767
-0.953956 -0.271887
-0.950094 -0.283164
-0.94184 -0.306272
-0.939936 -0.311068
-0.914415 -0.374411
-0.9103 -0.382934
-0.88196 -0.440816
-0.873853 -0.455495
-0.842633 -0.509144
-0.836062 -0.519579
-0.82075 -0.543325
-0.810554 -0.558558
-0.803385 -0.569018
-0.803165 -0.569334
-0.797742 -0.576884
-0.753713 -0.6365
-0.707104 -0.694302
-0.705355 -0.696352
-0.684274 -0.720907
-0.648948 -0.760389
-0.589687 -0.822488
-0.586927 -0.825223
-0.586519 -0.825625
-0.568406 -0.843492
-0.567264 -0.844595
-0.554734 -0.856619
-0.52303 -0.886235
-0.519425 -0.889499
-0.512703 -0.895468
-0.468155 -0.934006
-0.467362 -0.934662
-0.459411 -0.941044
-0.386975 -0.996618
-0.385957 -0.997335
-0.364251 -1.0124
-0.31402 -1.04519
-0.266524 -1.07345
-0.159422 -1.13059
-0.125062 -1.14726
-0.0277794 -1.19259
-0.0266992 -1.19308
-0.0148886 -1.19845
0.00428008 -1.20715
0.0634407 -1.23393
