-0.291364 1.25585
-0.209443 0.918752
0.230293 1.02879
-0.327011 1.07156
-0.249126 0.99852
-0.404493 0.867097
0.0133169 0.906511
0.0668547 0.914851
-0.182809 1.08918
-0.285984 0.652004
-0.421039 1.16371
-0.281545 1.26621
-0.203928 0.845305
-0.2841 0.715227
0.0571695 0.691821
0.0468117 0.913775
-0.640571 0.770648
-0.165053 0.819747
-0.286656 0.874496
-0.511972 0.921711
-0.266613 0.967985
-0.182943 0.652408
-0.276164 0.907721
-0.714959 1.00188
-0.696395 0.887409
-0.78141 0.628733
-0.612591 0.727738
-0.822841 1.01883
-0.773204 0.678504
-0.8636 0.779661
-1.0869 0.995965
-0.419963 0.601561
-0.824321 0.53484
-0.457762 0.533091
-0.969734 0.830374
-1.00256 0.6629
-0.786522 0.877455
-1.0413 0.438122
-0.708233 -0.0504438
-1.11945 0.476998
-1.01412 -0.0977938
-0.558919 0.340463
-1.20406 0.407183
-1.38432 0.5265
-1.06645 0.492064
-0.598467 -0.0181597
-0.810062 0.190611
-1.106 -0.170433
-1.06968 0.152408
-0.799973 0.10304
-0.778854 -0.188862
-1.29755 0.0800378
-1.12685 -0.159268
-0.994216 -0.0867634
-0.930858 -0.264326
-0.970541 -0.667205
-0.824186 -0.426823
-0.881087 -0.153753
-1.11259 -0.374092
-1.08125 -0.447807
-1.05677 -0.319882
-1.11663 -0.785983
-0.53363 -0.383239
-0.886602 -0.289884
-0.561744 -0.371536
-0.998655 -0.0751949
-0.62268 -0.622276
-1.27872 -0.651735
-0.908663 -0.641781
-1.17689 -0.511703
-0.62389 -0.62685
-0.644741 -0.397229
-0.806296 -0.486683
-0.514932 -0.898036
-0.567528 -0.80643
-0.667609 -0.70608
-0.758946 -0.640705
-0.533091 -1.20406
-0.467178 -0.738768
-0.405838 -0.697605
-0.543046 -0.659537
-0.5682 -0.806295
-0.301453 -0.917137
-0.462201 -0.926823
-0.48628 -1.13976
-0.485338 -0.844902
-0.61138 -0.890234
-0.422922 -0.893731
-0.526904 -0.897767
-0.32042 -1.1738
-0.683616 -0.916196
-0.619048 -1.1177
-0.0425077 -1.22491
0.0780197 -0.963277
0.12806 -1.0912
-0.0102236 -1.18819
-0.413371 -1.20944
-0.23258 -1.27939
0.0800374 -1.03982
-0.112322 -1.11999
