1.3471e-09 -2
0.00629302 -2
0.012586 -2
0.0188791 -2
0.0251721 -1.99974
0.0314651 -1.99947
0.0374959 -1.99947
0.0437889 -1.99921
0.0500819 -1.99869
0.056375 -1.99842
0.062668 -1.99816
0.068961 -1.99764
0.075254 -1.99711
0.081547 -1.99685
0.0878401 -1.99633
0.0941331 -1.99554
0.100426 -1.99502
0.106457 -1.99449
0.11275 -1.9937
0.119043 -1.99292
0.125336 -1.99213
0.131629 -1.99134
0.13766 -1.99056
0.143953 -1.98951
0.150246 -1.98872
0.156277 -1.98767
0.16257 -1.98662
0.168863 -1.98584
0.174893 -1.98453
0.181186 -1.98348
0.187217 -1.98243
0.19351 -1.98112
0.199541 -1.97981
0.205834 -1.97876
0.211865 -1.97745
0.218158 -1.97587
0.224189 -1.97456
0.23022 -1.97325
0.236513 -1.97168
0.242543 -1.97011
0.248574 -1.96853
0.254605 -1.96696
0.260898 -1.96539
0.266929 -1.96381
0.27296 -1.96198
0.27899 -1.9604
0.285021 -1.95857
0.291052 -1.95673
0.297083 -1.9549
0.303114 -1.95306
0.308882 -1.95123
0.314913 -1.94913
0.320944 -1.94703
0.326713 -1.9452
0.332743 -1.9431
0.338774 -1.941
0.344543 -1.9389
0.350574 -1.93654
0.356342 -1.93445
0.362111 -1.93209
0.368142 -1.92973
0.37391 -1.92763
0.379679 -1.92527
0.385447 -1.92265
0.391216 -1.92029
0.396985 -1.91793
0.402753 -1.9153
0.408522 -1.91268
0.41429 -1.91006
0.420059 -1.90744
0.425828 -1.90482
0.431334 -1.90219
0.437103 -1.89957
0.442609 -1.89669
0.448378 -1.8938
0.453884 -1.89118
0.459653 -1.8883
0.465159 -1.88541
0.470665 -1.88227
0.476172 -1.87938
0.481678 -1.87623
0.487185 -1.87335
0.492691 -1.8702
0.498197 -1.86706
0.503704 -1.86391
0.508948 -1.86076
0.514454 -1.85762
0.519698 -1.85421
0.525205 -1.85106
0.530449 -1.84765
0.535693 -1.84451
0.5412 -1.8411
0.546444 -1.83769
0.551688 -1.83402
0.556932 -1.83061
0.562176 -1.8272
0.567158 -1.82353
0.572402 -1.82012
0.577647 -1.81645
0.582629 -1.81278
0.587873 -1.80911
0.592855 -1.80544
0.597837 -1.80151
0.602819 -1.79783
0.607801 -1.79416
0.612783 -1.79023
0.617765 -1.7863
0.622747 -1.78236
0.627729 -1.77843
0.632448 -1.7745
0.63743 -1.77056
0.64215 -1.76663
0.647132 -1.76244
0.651852 -1.7585
0.656572 -1.75431
0.661291 -1.75011
0.666011 -1.74592
0.670731 -1.74172
0.675188 -1.73753
0.679908 -1.73333
0.684628 -1.72914
0.689086 -1.72468
0.693543 -1.72048
0.698263 -1.71602
0.70272 -1.71157
0.707178 -1.70711
0.711636 -1.70265
0.715831 -1.69819
0.720288 -1.69374
0.724746 -1.68928
0.728941 -1.68456
0.733137 -1.6801
0.737594 -1.67538
0.74179 -1.67066
0.745985 -1.66594
0.75018 -1.66149
0.754113 -1.6565
0.758309 -1.65178
0.762504 -1.64706
0.766437 -1.64234
0.77037 -1.63736
0.774566 -1.63264
0.778499 -1.62766
0.782432 -1.62294
0.786365 -1.61796
0.790036 -1.61298
0.793969 -1.60799
0.79764 -1.60301
0.801573 -1.59803
0.805244 -1.59279
0.808915 -1.5878
0.812586 -1.58282
0.816257 -1.57758
0.819928 -1.5726
0.823599 -1.56735
0.827008 -1.56211
0.830678 -1.55686
0.834087 -1.55162
0.837496 -1.54638
0.840905 -1.54113
0.844313 -1.53589
0.847722 -1.53064
0.850869 -1.52514
0.854277 -1.51989
0.857424 -1.51439
0.860833 -1.50914
0.863979 -1.50364
0.867126 -1.49813
0.870272 -1.49288
0.873156 -1.48738
0.876303 -1.48187
0.879187 -1.47637
0.882334 -1.47086
0.885218 -1.46509
0.888102 -1.45958
0.890987 -1.45408
0.893871 -1.44831
0.896493 -1.4428
0.899377 -1.43703
0.901999 -1.43153
0.904884 -1.42576
0.907506 -1.41999
0.910128 -1.41448
0.91275 -1.40872
0.91511 -1.40295
0.917732 -1.39718
0.920092 -1.39141
0.922714 -1.38564
0.925074 -1.37987
0.927434 -1.3741
0.929794 -1.36807
0.932153 -1.3623
0.934251 -1.35654
0.936611 -1.35051
0.938709 -1.34474
0.940806 -1.33871
0.942904 -1.33294
0.945002 -1.32691
0.947099 -1.32088
0.949197 -1.31511
0.951032 -1.30908
0.952868 -1.30305
0.954966 -1.29701
0.956801 -1.29098
0.958637 -1.28495
0.96021 -1.27892
0.962045 -1.27289
0.963618 -1.26686
0.965454 -1.26083
0.967027 -1.2548
0.9686 -1.24877
0.970174 -1.24274
0.971747 -1.23644
0.973058 -1.23041
0.974631 -1.22438
0.975942 -1.21809
0.977253 -1.21206
0.978564 -1.20577
0.979875 -1.19974
0.981186 -1.19344
0.982235 -1.18741
0.983546 -1.18112
0.984595 -1.17509
0.985644 -1.16879
0.986693 -1.16276
0.987742 -1.15647
0.988528 -1.15018
0.989577 -1.14415
0.990364 -1.13785
0.991413 -1.13156
0.992199 -1.12527
0.992986 -1.11924
0.99351 -1.11294
0.994297 -1.10665
0.994821 -1.10036
0.995608 -1.09406
0.996132 -1.08777
0.996657 -1.08148
0.997181 -1.07545
0.997706 -1.06916
0.997968 -1.06286
0.998492 -1.05657
0.998755 -1.05028
0.999017 -1.04398
0.999279 -1.03769
0.999541 -1.0314
0.999541 -1.0251
0.999803 -1.01881
0.999803 -1.01252
1.00007 -1.00622
1.00007 -0.999932
1.00007 -0.993639
0.999803 -0.987346
0.999803 -0.981053
0.999541 -0.97476
0.999541 -0.968729
0.999279 -0.962436
0.999017 -0.956143
0.998755 -0.94985
0.998492 -0.943557
0.997968 -0.937264
0.997706 -0.930971
0.997181 -0.924678
0.996657 -0.918385
0.996132 -0.912092
0.995608 -0.905799
0.994821 -0.899768
0.994297 -0.893475
0.99351 -0.887182
0.992986 -0.880889
0.992199 -0.874596
0.991413 -0.868565
0.990364 -0.862272
0.989577 -0.855979
0.988528 -0.849686
0.987742 -0.843655
0.986693 -0.837362
0.985644 -0.831069
0.984595 -0.825038
0.983546 -0.818745
0.982235 -0.812715
0.981186 -0.806422
0.979875 -0.800391
0.978564 -0.794098
0.977253 -0.788067
0.975942 -0.781774
0.974631 -0.775743
0.973058 -0.769712
0.971747 -0.763419
0.970174 -0.757388
0.9686 -0.751358
0.967027 -0.745327
0.965454 -0.739034
0.963618 -0.733003
0.962045 -0.726972
0.96021 -0.720941
0.958637 -0.714911
0.956801 -0.70888
0.954966 -0.702849
0.952868 -0.69708
0.951032 -0.691049
0.949197 -0.685019
0.947099 -0.678988
0.945002 -0.673219
0.942904 -0.667188
0.940806 -0.661158
0.938709 -0.655389
0.936611 -0.649358
0.934251 -0.64359
0.932153 -0.637821
0.929794 -0.63179
0.927434 -0.626022
0.925074 -0.620253
0.922714 -0.614484
0.920092 -0.608716
0.917732 -0.602947
0.91511 -0.597179
0.91275 -0.59141
0.910128 -0.585641
0.907506 -0.579873
0.904884 -0.574104
0.901999 -0.568598
0.899377 -0.562829
0.896493 -0.557323
0.893871 -0.551554
0.890987 -0.546048
0.888102 -0.540279
0.885218 -0.534773
0.882334 -0.529266
0.879187 -0.52376
0.876303 -0.518254
0.873156 -0.512747
0.870272 -0.507241
0.867126 -0.501735
0.863979 -0.49649
0.860833 -0.490984
0.857424 -0.485478
0.854277 -0.480233
0.850869 -0.474727
0.847722 -0.469483
0.844313 -0.464239
0.840905 -0.458732
0.837496 -0.453488
0.834087 -0.448244
0.830678 -0.443
0.827008 -0.438018
0.823599 -0.432774
0.819928 -0.427529
0.816257 -0.422285
0.812586 -0.417303
0.808915 -0.412321
0.805244 -0.407077
0.801573 -0.402095
0.79764 -0.397113
0.793969 -0.392131
0.790036 -0.387149
0.786365 -0.382167
0.782432 -0.377185
0.778499 -0.372203
0.774566 -0.367483
0.77037 -0.362501
0.766437 -0.357782
0.762504 -0.3528
0.758309 -0.34808
0.754113 -0.34336
0.75018 -0.33864
0.745985 -0.333921
0.74179 -0.329201
0.737594 -0.324743
0.733137 -0.320024
0.728941 -0.315304
0.724746 -0.310846
0.720288 -0.306389
0.715831 -0.301931
0.711636 -0.297211
0.707178 -0.292754
0.70272 -0.288559
0.698263 -0.284101
0.693543 -0.279643
0.689086 -0.275448
0.684628 -0.27099
0.679908 -0.266795
0.675188 -0.262338
0.670731 -0.258142
0.666011 -0.253947
0.661291 -0.249752
0.656572 -0.245818
0.651852 -0.241623
0.647132 -0.237428
0.64215 -0.233495
0.63743 -0.229561
0.632448 -0.225366
0.627729 -0.221433
0.622747 -0.2175
0.617765 -0.213567
0.612783 -0.209896
0.607801 -0.205963
0.602819 -0.202292
0.597837 -0.198359
0.592855 -0.194688
0.587873 -0.191017
0.582629 -0.187346
0.577647 -0.183675
0.572402 -0.180004
0.567158 -0.176333
0.562176 -0.172924
0.556932 -0.169253
0.551688 -0.165845
0.546444 -0.162436
0.5412 -0.159027
0.535693 -0.155618
0.530449 -0.15221
0.525205 -0.149063
0.519698 -0.145655
0.514454 -0.142508
0.508948 -0.139099
0.503704 -0.135953
0.498197 -0.132806
0.492691 -0.12966
0.487185 -0.126775
0.481678 -0.123629
0.476172 -0.120745
0.470665 -0.117598
0.465159 -0.114714
0.459653 -0.11183
0.453884 -0.108945
0.448378 -0.106061
0.442609 -0.103439
0.437103 -0.100555
0.431334 -0.0979325
0.425828 -0.0950482
0.420059 -0.0924261
0.41429 -0.089804
0.408522 -0.0871819
0.402753 -0.084822
0.396985 -0.0821999
0.391216 -0.0798401
0.385447 -0.077218
0.379679 -0.0748581
0.37391 -0.0724982
0.368142 -0.0701383
0.362111 -0.0677784
0.356342 -0.0656808
0.350574 -0.0633209
0.344543 -0.0612232
0.338774 -0.0591255
0.332743 -0.0570279
0.326713 -0.0549302
0.320944 -0.0528325
0.314913 -0.0507348
0.308882 -0.0488994
0.303114 -0.0470639
0.297083 -0.0449662
0.291052 -0.0431308
0.285021 -0.0415575
0.27899 -0.0397221
0.27296 -0.0378866
0.266929 -0.0363133
0.260898 -0.0344779
0.254605 -0.0329046
0.248574 -0.0313314
0.242543 -0.0297581
0.236513 -0.0284471
0.23022 -0.0268738
0.224189 -0.0253006
0.218158 -0.0239895
0.211865 -0.0226785
0.205834 -0.0213674
0.199541 -0.0200564
0.19351 -0.0187453
0.187217 -0.0176965
0.181186 -0.0163854
0.174893 -0.0153366
0.168863 -0.0142878
0.16257 -0.0132389
0.156277 -0.0121901
0.150246 -0.0114035
0.143953 -0.0103546
0.13766 -0.00956801
0.131629 -0.00851917
0.125336 -0.00773255
0.119043 -0.00694592
0.11275 -0.0064215
0.106457 -0.00563487
0.100426 -0.00511046
0.0941331 -0.00432383
0.0878401 -0.00379941
0.081547 -0.00327499
0.075254 -0.00275057
0.068961 -0.00222616
0.062668 -0.00196395
0.056375 -0.00143953
0.0500819 -0.00117732
0.0437889 -0.00091511
0.0374959 -0.000652901
0.0314651 -0.000390692
0.0251721 -0.000390692
0.0188791 -0.000128482
0.012586 -0.000128482
0.00629302 0.000133727
1.3471e-09 0.000133727
-0.00629302 0.000133727
-0.012586 0.000133727
-0.0188791 0.000133727
-0.0251721 0.000395936
-0.0314651 0.000658145
-0.0377581 0.000658145
-0.0440511 0.000920354
-0.0503441 0.00118256
-0.0566372 0.00170698
-0.0629302 0.00196919
-0.0692232 0.00249361
-0.0755162 0.00275582
-0.081547 0.00328024
-0.0878401 0.00380465
-0.0941331 0.00459128
-0.100426 0.0051157
-0.106719 0.00564012
-0.113012 0.00642675
-0.119043 0.00721337
-0.125336 0.008
-0.131629 0.00878663
-0.137922 0.00957325
-0.144215 0.0103599
-0.150246 0.0114087
-0.156539 0.0124576
-0.162832 0.0132442
-0.168863 0.014293
-0.175156 0.0156041
-0.181186 0.0166529
-0.18748 0.0177017
-0.19351 0.0190128
-0.199803 0.0200616
-0.205834 0.0213727
-0.212127 0.0226837
-0.218158 0.024257
-0.224451 0.025568
-0.230482 0.0268791
-0.236513 0.0284523
-0.242806 0.0300256
-0.248836 0.0313366
-0.254867 0.0331721
-0.260898 0.0347453
-0.266929 0.0363186
-0.27296 0.0378918
-0.27899 0.0397273
-0.285021 0.0415628
-0.291052 0.0433982
-0.297083 0.0452337
-0.303114 0.0470692
-0.309145 0.0489046
-0.315175 0.0510023
-0.320944 0.0528378
-0.326975 0.0549354
-0.333006 0.0570331
-0.338774 0.0591308
-0.344805 0.0612284
-0.350574 0.0635883
-0.356604 0.065686
-0.362373 0.0680459
-0.368142 0.0701436
-0.374172 0.0725034
-0.379941 0.0748633
-0.38571 0.0774854
-0.391478 0.0798453
-0.397247 0.0822052
-0.403015 0.0848273
-0.408784 0.0874494
-0.414553 0.0900715
-0.420059 0.0926935
-0.425828 0.0953156
-0.431596 0.0979377
-0.437103 0.10056
-0.442871 0.103444
-0.448378 0.106328
-0.454146 0.108951
-0.459653 0.111835
-0.465159 0.114719
-0.470665 0.117866
-0.476434 0.12075
-0.48194 0.123634
-0.487447 0.126781
-0.492691 0.129927
-0.498197 0.133074
-0.503704 0.13622
-0.50921 0.139367
-0.514454 0.142513
-0.519961 0.14566
-0.525205 0.149069
-0.530711 0.152477
-0.535955 0.155624
-0.5412 0.159032
-0.546444 0.162441
-0.551688 0.16585
-0.556932 0.169521
-0.562176 0.17293
-0.567421 0.1766
-0.572402 0.180009
-0.577647 0.18368
-0.582891 0.187351
-0.587873 0.191022
-0.592855 0.194693
-0.598099 0.198364
-0.603081 0.202297
-0.608063 0.205968
-0.613045 0.209901
-0.618027 0.213834
-0.623009 0.217767
-0.627729 0.2217
-0.632711 0.225634
-0.63743 0.229567
-0.642412 0.2335
-0.647132 0.237695
-0.651852 0.241628
-0.656572 0.245824
-0.661291 0.250019
-0.666011 0.254214
-0.670731 0.25841
-0.675451 0.262605
-0.68017 0.2668
-0.684628 0.270996
-0.689348 0.275453
-0.693805 0.279649
-0.698263 0.284106
-0.70272 0.288564
-0.707178 0.293021
-0.711636 0.297479
-0.716093 0.301936
-0.720288 0.306394
-0.724746 0.310852
-0.729204 0.315571
-0.733399 0.320029
-0.737594 0.324749
-0.74179 0.329468
-0.745985 0.333926
-0.75018 0.338646
-0.754376 0.343365
-0.758571 0.348347
-0.762504 0.353067
-0.766699 0.357787
-0.770633 0.362769
-0.774566 0.367489
-0.778499 0.372471
-0.782432 0.37719
-0.786365 0.382172
-0.790298 0.387154
-0.793969 0.392136
-0.797902 0.397118
-0.801573 0.4021
-0.805506 0.407082
-0.809177 0.412326
-0.812848 0.417308
-0.816519 0.422553
-0.82019 0.427535
-0.823599 0.432779
-0.82727 0.438023
-0.830678 0.443267
-0.834087 0.448511
-0.837758 0.453755
-0.841167 0.459
-0.844313 0.464244
-0.847722 0.469488
-0.851131 0.474994
-0.854277 0.480239
-0.857686 0.485745
-0.860833 0.490989
-0.863979 0.496496
-0.867126 0.502002
-0.870272 0.507246
-0.873419 0.512753
-0.876303 0.518259
-0.879449 0.523765
-0.882334 0.529272
-0.885218 0.53504
-0.888364 0.540547
-0.891249 0.546053
-0.893871 0.551559
-0.896755 0.557328
-0.899639 0.562834
-0.902262 0.568603
-0.904884 0.574372
-0.907506 0.579878
-0.910128 0.585647
-0.91275 0.591415
-0.915372 0.597184
-0.917994 0.602952
-0.920354 0.608721
-0.922714 0.61449
-0.925074 0.620258
-0.927434 0.626027
-0.929794 0.632058
-0.932153 0.637826
-0.934513 0.643595
-0.936611 0.649626
-0.938971 0.655394
-0.941069 0.661425
-0.943166 0.667194
-0.945264 0.673225
-0.947099 0.679255
-0.949197 0.685024
-0.951295 0.691055
-0.95313 0.697086
-0.954966 0.703116
-0.956801 0.709147
-0.958637 0.715178
-0.960472 0.721209
-0.962045 0.72724
-0.963881 0.73327
-0.965454 0.739301
-0.967027 0.745332
-0.9686 0.751363
-0.970174 0.757394
-0.971747 0.763687
-0.97332 0.769717
-0.974631 0.775748
-0.975942 0.782041
-0.977516 0.788072
-0.978827 0.794103
-0.979875 0.800396
-0.981186 0.806427
-0.982498 0.81272
-0.983546 0.818751
-0.984595 0.825044
-0.985644 0.831337
-0.986693 0.837367
-0.987742 0.84366
-0.988791 0.849953
-0.989577 0.855984
-0.990626 0.862277
-0.991413 0.86857
-0.992199 0.874863
-0.992986 0.880894
-0.993773 0.887187
-0.994297 0.89348
-0.995084 0.899773
-0.995608 0.906066
-0.996132 0.912359
-0.996657 0.91839
-0.997181 0.924683
-0.997706 0.930976
-0.99823 0.937269
-0.998492 0.943562
-0.998755 0.949855
-0.999279 0.956148
-0.999279 0.962441
-0.999541 0.968734
-0.999803 0.975027
-1.00007 0.98132
-1.00007 0.987613
-1.00007 0.993906
-1.00007 1.0002
-1.00007 1.00649
-1.00007 1.01279
-1.00007 1.01882
-0.999803 1.02511
-0.999541 1.0314
-0.999279 1.0377
-0.999279 1.04399
-0.998755 1.05028
-0.998492 1.05657
-0.99823 1.06287
-0.997706 1.06916
-0.997181 1.07545
-0.996657 1.08175
-0.996132 1.08804
-0.995608 1.09433
-0.995084 1.10036
-0.994297 1.10666
-0.993773 1.11295
-0.992986 1.11924
-0.992199 1.12554
-0.991413 1.13157
-0.990626 1.13786
-0.989577 1.14415
-0.988791 1.15045
-0.987742 1.15648
-0.986693 1.16277
-0.985644 1.16906
-0.984595 1.17509
-0.983546 1.18139
-0.982498 1.18742
-0.981186 1.19371
-0.979875 1.19974
-0.978827 1.20603
-0.977516 1.21206
-0.975942 1.21836
-0.974631 1.22439
-0.97332 1.23042
-0.971747 1.23671
-0.970174 1.24274
-0.9686 1.24877
-0.967027 1.2548
-0.965454 1.26084
-0.963881 1.26713
-0.962045 1.27316
-0.960472 1.27919
-0.958637 1.28522
-0.956801 1.29125
-0.954966 1.29728
-0.95313 1.30305
-0.951295 1.30908
-0.949197 1.31511
-0.947099 1.32114
-0.945264 1.32691
-0.943166 1.33294
-0.941069 1.33897
-0.938971 1.34474
-0.936611 1.35077
-0.934513 1.35654
-0.932153 1.36231
-0.929794 1.36834
-0.927434 1.37411
-0.925074 1.37988
-0.922714 1.38565
-0.920354 1.39142
-0.917994 1.39718
-0.915372 1.40295
-0.91275 1.40872
-0.910128 1.41449
-0.907506 1.42026
-0.904884 1.42603
-0.902262 1.43153
-0.899639 1.4373
-0.896755 1.44281
-0.893871 1.44858
-0.891249 1.45408
-0.888364 1.45959
-0.885218 1.46536
-0.882334 1.47086
-0.879449 1.47637
-0.876303 1.48188
-0.873419 1.48738
-0.870272 1.49289
-0.867126 1.4984
-0.863979 1.50364
-0.860833 1.50915
-0.857686 1.51465
-0.854277 1.5199
-0.851131 1.5254
-0.847722 1.53065
-0.844313 1.53589
-0.841167 1.54114
-0.837758 1.54664
-0.834087 1.55189
-0.830678 1.55713
-0.82727 1.56211
-0.823599 1.56736
-0.82019 1.5726
-0.816519 1.57758
-0.812848 1.58283
-0.809177 1.58781
-0.805506 1.59305
-0.801573 1.59804
-0.797902 1.60302
-0.793969 1.608
-0.790298 1.61298
-0.786365 1.61796
-0.782432 1.62295
-0.778499 1.62793
-0.774566 1.63265
-0.770633 1.63763
-0.766699 1.64235
-0.762504 1.64707
-0.758571 1.65205
-0.754376 1.65677
-0.75018 1.66149
-0.745985 1.66621
-0.74179 1.67093
-0.737594 1.67539
-0.733399 1.68011
-0.729204 1.68457
-0.724746 1.68928
-0.720288 1.69374
-0.716093 1.6982
-0.711636 1.70266
-0.707178 1.70712
-0.70272 1.71157
-0.698263 1.71603
-0.693805 1.72049
-0.689348 1.72468
-0.684628 1.72914
-0.68017 1.73334
-0.675451 1.73753
-0.670731 1.74199
-0.666011 1.74618
-0.661291 1.75012
-0.656572 1.75431
-0.651852 1.75851
-0.647132 1.7627
-0.642412 1.76664
-0.63743 1.77057
-0.632711 1.77476
-0.627729 1.7787
-0.623009 1.78263
-0.618027 1.7863
-0.613045 1.79024
-0.608063 1.79417
-0.603081 1.79784
-0.598099 1.80177
-0.592855 1.80544
-0.587873 1.80911
-0.582891 1.81279
-0.577647 1.81646
-0.572402 1.82013
-0.567421 1.8238
-0.562176 1.82721
-0.556932 1.83062
-0.551688 1.83429
-0.546444 1.8377
-0.5412 1.8411
-0.535955 1.84451
-0.530711 1.84792
-0.525205 1.85107
-0.519961 1.85448
-0.514454 1.85762
-0.50921 1.86077
-0.503704 1.86418
-0.498197 1.86732
-0.492691 1.87021
-0.487447 1.87336
-0.48194 1.8765
-0.476434 1.87939
-0.470665 1.88253
-0.465159 1.88542
-0.459653 1.8883
-0.454146 1.89119
-0.448378 1.89407
-0.442871 1.89669
-0.437103 1.89958
-0.431596 1.9022
-0.425828 1.90508
-0.420059 1.90771
-0.414553 1.91033
-0.408784 1.91295
-0.403015 1.91531
-0.397247 1.91793
-0.391478 1.92029
-0.38571 1.92291
-0.379941 1.92527
-0.374172 1.92763
-0.368142 1.92999
-0.362373 1.93209
-0.356604 1.93445
-0.350574 1.93681
-0.344805 1.93891
-0.338774 1.94101
-0.333006 1.9431
-0.326975 1.9452
-0.320944 1.9473
-0.315175 1.94913
-0.309145 1.95123
-0.303114 1.95307
-0.297083 1.9549
-0.291052 1.95674
-0.285021 1.95857
-0.27899 1.96041
-0.27296 1.96224
-0.266929 1.96382
-0.260898 1.96565
-0.254867 1.96723
-0.248836 1.9688
-0.242806 1.97037
-0.236513 1.97168
-0.230482 1.97326
-0.224451 1.97457
-0.218158 1.97614
-0.212127 1.97745
-0.205834 1.97876
-0.199803 1.98007
-0.19351 1.98112
-0.18748 1.98243
-0.181186 1.98348
-0.175156 1.98479
-0.168863 1.98584
-0.162832 1.98689
-0.156539 1.98794
-0.150246 1.98873
-0.144215 1.98978
-0.137922 1.99056
-0.131629 1.99135
-0.125336 1.99214
-0.119043 1.99292
-0.113012 1.99371
-0.106719 1.9945
-0.100426 1.99502
-0.0941331 1.99581
-0.0878401 1.99633
-0.081547 1.99686
-0.0755162 1.99738
-0.0692232 1.99764
-0.0629302 1.99817
-0.0566372 1.99843
-0.0503441 1.99895
-0.0440511 1.99922
-0.0377581 1.99948
-0.0314651 1.99974
-0.0251721 1.99974
-0.0188791 2
-0.012586 2
-0.00629302 2
