-0.00661626 -0.721284
-0.00718648 -0.72061
-0.00775669 -0.719936
-0.00837874 -0.719262
-0.00894895 -0.718588
-0.00957101 -0.717966
-0.0101412 -0.717292
-0.0107633 -0.716618
-0.0113335 -0.715996
-0.0119555 -0.715322
-0.0125258 -0.714649
-0.0131478 -0.714027
-0.013718 -0.713404
-0.0143401 -0.712731
-0.0149621 -0.712109
-0.0155323 -0.711486
-0.0161544 -0.710864
-0.0167764 -0.710191
-0.0173467 -0.709568
-0.0179687 -0.708946
-0.0185908 -0.708324
-0.0192128 -0.707702
-0.0198349 -0.70708
-0.0204051 -0.70651
-0.0210271 -0.705888
-0.0216492 -0.705266
-0.0222712 -0.704696
-0.0228933 -0.704074
-0.0235153 -0.703452
-0.0241374 -0.702881
-0.0247076 -0.702259
-0.0253297 -0.701689
-0.0259517 -0.701119
-0.0265738 -0.700497
-0.0271958 -0.699927
-0.0278179 -0.699356
-0.0284399 -0.698786
-0.029062 -0.698216
-0.029684 -0.697646
-0.0303579 -0.697076
-0.03098 -0.696505
-0.031602 -0.695935
-0.0322241 -0.695365
-0.0328461 -0.694847
-0.0334682 -0.694276
-0.0340902 -0.693758
-0.0347123 -0.693188
-0.0353862 -0.692618
-0.0360082 -0.692099
-0.0366303 -0.691581
-0.0372523 -0.691011
-0.0379262 -0.690492
-0.0385482 -0.689974
-0.0391703 -0.689455
-0.0397924 -0.688937
-0.0404662 -0.688419
-0.0410883 -0.6879
-0.0417103 -0.687382
-0.0423842 -0.686864
-0.0430063 -0.686345
-0.0436802 -0.685827
-0.0443022 -0.68536
-0.0449243 -0.684842
-0.0455982 -0.684324
-0.0462202 -0.683857
-0.0468941 -0.683339
-0.0475162 -0.682872
-0.0481901 -0.682406
-0.0488121 -0.681887
-0.049486 -0.681421
-0.050108 -0.680954
-0.0507819 -0.680488
-0.051404 -0.680021
-0.0520779 -0.679554
-0.0526999 -0.679088
-0.0533738 -0.678621
-0.0539959 -0.678155
-0.0546698 -0.677688
-0.0553436 -0.677274
-0.0559657 -0.676807
-0.0566396 -0.676341
-0.0572616 -0.675926
-0.0579355 -0.675459
-0.0586094 -0.675045
-0.0592315 -0.67463
-0.0599054 -0.674163
-0.0605792 -0.673749
-0.0612531 -0.673334
-0.0618752 -0.672919
-0.0625491 -0.672505
-0.063223 -0.67209
-0.063845 -0.671675
-0.0645189 -0.67126
-0.0651928 -0.670846
-0.0658667 -0.670483
-0.0664887 -0.670068
-0.0671626 -0.669654
-0.0678365 -0.669291
-0.0685104 -0.668876
-0.0691843 -0.668513
-0.0698582 -0.668098
-0.0704802 -0.667736
-0.0711541 -0.667373
-0.071828 -0.66701
-0.0725019 -0.666647
-0.0731758 -0.666284
-0.0738497 -0.665921
-0.0744717 -0.665558
-0.0751456 -0.665195
-0.0758195 -0.664833
-0.0764934 -0.66447
-0.0771673 -0.664107
-0.0778412 -0.663796
-0.0785151 -0.663433
-0.079189 -0.663122
-0.0798629 -0.662759
-0.0805367 -0.662448
-0.0812106 -0.662137
-0.0818845 -0.661774
-0.0825584 -0.661463
-0.0832323 -0.661152
-0.0838544 -0.660841
-0.0845282 -0.66053
-0.0852021 -0.660219
-0.085876 -0.659908
-0.0865499 -0.659597
-0.0872238 -0.659286
-0.0878977 -0.659027
-0.0885716 -0.658716
-0.0892455 -0.658457
-0.0899194 -0.658146
-0.0905932 -0.657886
-0.0912671 -0.657575
-0.0919929 -0.657316
-0.0926668 -0.657057
-0.0933406 -0.656746
-0.0940145 -0.656487
-0.0946884 -0.656228
-0.0953623 -0.655968
-0.0960362 -0.655709
-0.0967101 -0.65545
-0.097384 -0.655243
-0.0980579 -0.654983
-0.0987318 -0.654724
-0.0994056 -0.654517
-0.10008 -0.654258
-0.100753 -0.65405
-0.101427 -0.653791
-0.102101 -0.653584
-0.102775 -0.653325
-0.103501 -0.653117
-0.104175 -0.65291
-0.104849 -0.652703
-0.105522 -0.652495
-0.106196 -0.652288
-0.10687 -0.652081
-0.107544 -0.651873
-0.108218 -0.651666
-0.108892 -0.65151
-0.109566 -0.651303
-0.11024 -0.651096
-0.110965 -0.65094
-0.111639 -0.650733
-0.112313 -0.650577
-0.112987 -0.650422
-0.113661 -0.650214
-0.114335 -0.650059
-0.115009 -0.649903
-0.115683 -0.649748
-0.116357 -0.649592
-0.11703 -0.649437
-0.117756 -0.649281
-0.11843 -0.649126
-0.119104 -0.649022
-0.119778 -0.648867
-0.120452 -0.648711
-0.121126 -0.648607
-0.1218 -0.648452
-0.122473 -0.648348
-0.123147 -0.648193
-0.123821 -0.648089
-0.124495 -0.647985
-0.125221 -0.647882
-0.125895 -0.647778
-0.126569 -0.647674
-0.127242 -0.647571
-0.127916 -0.647467
-0.12859 -0.647363
-0.129264 -0.64726
-0.129938 -0.647156
-0.130612 -0.647104
-0.131286 -0.647
-0.13196 -0.646949
-0.132634 -0.646845
-0.133307 -0.646793
-0.133981 -0.646689
-0.134655 -0.646638
-0.135329 -0.646586
-0.136003 -0.646534
-0.136677 -0.646482
-0.137403 -0.64643
-0.138077 -0.646378
-0.13875 -0.646327
-0.139424 -0.646275
-0.140098 -0.646223
-0.140772 -0.646223
-0.141446 -0.646171
-0.14212 -0.646171
-0.142794 -0.646119
-0.143468 -0.646119
-0.14409 -0.646067
-0.144764 -0.646067
-0.145437 -0.646067
-0.146111 -0.646067
-0.146785 -0.646067
-0.147459 -0.646067
-0.148133 -0.646067
-0.148807 -0.646067
-0.149481 -0.646067
-0.150155 -0.646067
-0.150829 -0.646067
-0.151502 -0.646119
-0.152176 -0.646119
-0.15285 -0.646171
-0.153472 -0.646171
-0.154146 -0.646223
-0.15482 -0.646275
-0.155494 -0.646275
-0.156168 -0.646327
-0.156842 -0.646378
-0.157516 -0.64643
-0.158138 -0.646482
-0.158812 -0.646534
-0.159485 -0.646586
-0.160159 -0.646689
-0.160833 -0.646741
-0.161455 -0.646793
-0.162129 -0.646897
-0.162803 -0.646949
-0.163477 -0.647052
-0.164099 -0.647104
-0.164773 -0.647208
-0.165447 -0.647311
-0.166121 -0.647415
-0.166743 -0.647467
-0.167417 -0.647571
-0.168091 -0.647674
-0.168713 -0.647778
-0.169386 -0.647934
-0.17006 -0.648037
-0.170682 -0.648141
-0.171356 -0.648245
-0.17203 -0.6484
-0.172652 -0.648504
-0.173326 -0.648659
-0.173948 -0.648763
-0.174622 -0.648918
-0.175244 -0.649074
-0.175918 -0.649229
-0.176592 -0.649333
-0.177214 -0.649489
-0.177888 -0.649644
-0.17851 -0.6498
-0.179184 -0.649955
-0.179806 -0.650163
-0.18048 -0.650318
-0.181102 -0.650474
-0.181724 -0.650681
-0.182398 -0.650836
-0.18302 -0.650992
-0.183694 -0.651199
-0.184316 -0.651407
-0.184938 -0.651562
-0.185612 -0.65177
-0.186234 -0.651977
-0.186908 -0.652184
-0.18753 -0.652392
-0.188152 -0.652599
-0.188774 -0.652806
-0.189448 -0.653014
-0.19007 -0.653221
-0.190692 -0.653428
-0.191314 -0.653688
-0.191988 -0.653895
-0.19261 -0.654154
-0.193232 -0.654361
-0.193854 -0.654621
-0.194476 -0.654828
-0.19515 -0.655087
-0.195772 -0.655346
-0.196394 -0.655606
-0.197016 -0.655865
-0.197638 -0.656124
-0.19826 -0.656383
-0.198882 -0.656642
-0.199504 -0.656901
-0.200126 -0.657161
-0.200748 -0.65742
-0.20137 -0.657731
-0.201992 -0.65799
-0.202614 -0.658301
-0.203236 -0.65856
-0.203858 -0.658871
-0.204481 -0.65913
-0.205103 -0.659441
-0.205725 -0.659753
-0.206295 -0.660064
-0.206917 -0.660375
-0.207539 -0.660686
-0.208161 -0.660997
-0.208783 -0.661308
-0.209353 -0.661619
-0.209975 -0.66193
-0.210597 -0.662241
-0.211219 -0.662604
-0.21179 -0.662915
-0.212412 -0.663277
-0.213034 -0.663588
-0.213604 -0.663951
-0.214226 -0.664262
-0.214796 -0.664625
-0.215418 -0.664988
-0.215989 -0.665351
-0.216611 -0.665714
-0.217233 -0.666077
-0.217803 -0.66644
-0.218425 -0.666802
-0.218995 -0.667165
-0.219565 -0.667528
-0.220187 -0.667891
-0.220758 -0.668306
-0.22138 -0.668669
-0.22195 -0.669083
-0.22252 -0.669446
-0.223142 -0.669861
-0.223712 -0.670224
-0.224283 -0.670638
-0.224853 -0.671053
-0.225475 -0.671468
-0.226045 -0.671883
-0.226615 -0.672245
-0.227185 -0.672712
-0.227756 -0.673127
-0.228326 -0.673541
-0.228948 -0.673956
-0.229518 -0.674371
-0.230088 -0.674785
-0.230659 -0.675252
-0.231229 -0.675667
-0.231799 -0.676133
-0.232369 -0.676548
-0.232939 -0.677014
-0.23351 -0.677481
-0.234028 -0.677896
-0.234598 -0.678362
-0.235168 -0.678829
-0.235739 -0.679295
-0.236309 -0.679762
-0.236879 -0.680228
-0.237397 -0.680695
-0.237968 -0.681161
-0.238538 -0.681628
-0.239056 -0.682095
-0.239626 -0.682613
-0.240197 -0.683079
-0.240715 -0.683598
-0.241285 -0.684064
-0.241855 -0.684583
-0.242374 -0.685049
-0.242944 -0.685568
-0.243462 -0.686086
-0.244033 -0.686553
-0.244551 -0.687071
-0.245069 -0.687589
-0.24564 -0.688108
-0.246158 -0.688626
-0.246728 -0.689144
-0.247247 -0.689663
-0.247765 -0.690181
-0.248283 -0.690751
-0.248854 -0.69127
-0.249372 -0.691788
-0.24989 -0.692358
-0.250409 -0.692877
-0.250927 -0.693447
-0.251445 -0.693965
-0.252016 -0.694536
-0.252534 -0.695106
-0.253052 -0.695624
-0.253571 -0.696194
-0.254089 -0.696765
-0.254608 -0.697335
-0.255074 -0.697905
-0.255592 -0.698475
-0.256111 -0.699045
-0.256629 -0.699616
-0.257148 -0.700186
-0.257666 -0.700808
-0.258133 -0.701378
-0.258651 -0.701948
-0.259169 -0.70257
-0.259688 -0.703141
-0.260154 -0.703763
-0.260673 -0.704333
-0.261139 -0.704955
-0.261657 -0.705525
-0.262176 -0.706147
-0.262642 -0.706769
-0.263161 -0.707391
-0.263627 -0.708013
-0.264094 -0.708635
-0.264612 -0.709257
-0.265079 -0.70988
-0.265597 -0.710502
-0.266064 -0.711124
-0.26653 -0.711746
-0.266997 -0.712368
-0.267515 -0.713042
-0.267982 -0.713664
-0.268448 -0.714338
-0.268915 -0.71496
-0.269381 -0.715633
-0.269848 -0.716256
-0.270314 -0.716929
-0.270781 -0.717551
-0.271247 -0.718225
-0.271714 -0.718899
-0.272181 -0.719573
-0.272647 -0.720247
-0.273114 -0.720921
-0.27358 -0.721595
-0.274047 -0.722269
-0.274513 -0.722943
-0.274928 -0.723616
-0.275394 -0.72429
-0.275861 -0.724964
-0.276276 -0.72569
-0.276742 -0.726364
-0.277209 -0.727038
-0.277623 -0.727764
-0.27809 -0.728437
-0.278505 -0.729163
-0.278971 -0.729889
-0.279386 -0.730563
-0.279801 -0.731288
-0.280267 -0.732014
-0.280682 -0.732688
-0.281097 -0.733414
-0.281563 -0.73414
-0.281978 -0.734865
-0.282393 -0.735591
-0.282807 -0.736317
-0.283274 -0.737042
-0.283688 -0.737768
-0.284103 -0.738546
-0.284518 -0.739271
-0.284933 -0.739997
-0.285347 -0.740723
-0.285762 -0.7415
-0.286177 -0.742226
-0.286591 -0.743004
-0.286954 -0.743729
-0.287369 -0.744507
-0.287784 -0.745233
-0.288198 -0.74601
-0.288613 -0.746788
-0.288976 -0.747514
-0.289391 -0.748291
-0.289753 -0.749069
-0.290168 -0.749846
-0.290583 -0.750624
-0.290946 -0.751401
-0.29136 -0.752179
-0.291723 -0.752957
-0.292138 -0.753734
-0.292501 -0.754512
-0.292864 -0.755289
-0.293278 -0.756119
-0.293641 -0.756896
-0.294004 -0.757674
-0.294367 -0.758503
-0.294782 -0.759281
-0.295145 -0.76011
-0.295507 -0.760888
-0.29587 -0.761717
-0.296233 -0.762495
-0.296596 -0.763324
-0.296959 -0.764102
-0.297322 -0.764931
-0.297685 -0.76576
-0.298047 -0.76659
-0.298359 -0.767419
-0.298721 -0.768249
-0.299084 -0.769026
-0.299447 -0.769856
-0.299758 -0.770685
-0.300121 -0.771566
-0.300484 -0.772396
-0.300795 -0.773225
-0.301158 -0.774055
-0.301469 -0.774884
-0.301832 -0.775713
-0.302143 -0.776595
-0.302506 -0.777424
-0.302817 -0.778305
-0.303128 -0.779135
-0.30349 -0.779964
-0.303801 -0.780845
-0.304113 -0.781675
-0.304424 -0.782556
-0.304786 -0.783437
-0.305097 -0.784267
-0.305408 -0.785148
-0.305719 -0.786029
-0.30603 -0.78691
-0.306342 -0.78774
-0.306653 -0.788621
-0.306964 -0.789502
-0.307223 -0.790383
-0.307534 -0.791265
-0.307845 -0.792146
-0.308156 -0.793027
-0.308467 -0.793908
-0.308726 -0.79479
-0.309037 -0.795723
-0.309348 -0.796604
-0.309607 -0.797485
-0.309918 -0.798366
-0.310178 -0.799299
-0.310489 -0.800181
-0.310748 -0.801062
-0.311007 -0.801995
-0.311318 -0.802876
-0.311577 -0.803809
-0.311836 -0.804691
-0.312147 -0.805624
-0.312407 -0.806505
-0.312666 -0.807438
-0.312925 -0.808371
-0.313184 -0.809252
-0.313443 -0.810185
-0.313702 -0.811118
-0.313962 -0.812052
-0.314221 -0.812933
-0.31448 -0.813866
-0.314739 -0.814799
-0.314998 -0.815732
-0.315206 -0.816665
-0.315465 -0.817598
-0.315724 -0.818531
-0.315931 -0.819464
-0.316191 -0.820397
-0.31645 -0.82133
-0.316657 -0.822315
-0.316916 -0.823248
-0.317124 -0.824182
-0.317383 -0.825115
-0.31759 -0.826048
-0.317798 -0.827033
-0.318057 -0.827966
-0.318264 -0.828951
-0.318472 -0.829884
-0.318679 -0.830817
-0.318886 -0.831802
-0.319145 -0.832735
-0.319353 -0.83372
-0.31956 -0.834653
-0.319767 -0.835638
-0.319975 -0.836623
-0.320182 -0.837556
-0.320338 -0.838541
-0.320545 -0.839525
-0.320752 -0.840459
-0.32096 -0.841443
-0.321167 -0.842428
-0.321323 -0.843413
-0.32153 -0.844398
-0.321737 -0.845383
-0.321893 -0.846316
-0.3221 -0.847301
-0.322256 -0.848286
-0.322463 -0.849271
-0.322619 -0.850256
-0.322774 -0.851241
-0.322981 -0.852226
-0.323137 -0.853211
-0.323292 -0.854247
-0.323448 -0.855232
-0.323655 -0.856217
-0.323811 -0.857202
-0.323966 -0.858187
-0.324122 -0.859224
-0.324277 -0.860209
-0.324433 -0.861194
-0.324588 -0.862179
-0.324744 -0.863215
-0.324848 -0.8642
-0.325003 -0.865237
-0.325159 -0.866222
-0.325314 -0.867207
-0.325418 -0.868244
-0.325573 -0.869228
-0.325729 -0.870265
-0.325832 -0.87125
-0.325988 -0.872287
-0.326092 -0.873272
-0.326247 -0.874309
-0.326351 -0.875345
-0.326455 -0.87633
-0.32661 -0.877367
-0.326714 -0.878404
-0.326817 -0.879389
-0.326973 -0.880425
-0.327077 -0.881462
-0.32718 -0.882499
-0.327284 -0.883484
-0.327388 -0.884521
-0.327491 -0.885557
-0.327595 -0.886594
-0.327699 -0.887631
-0.327802 -0.888668
-0.327906 -0.889652
-0.327958 -0.890689
-0.328061 -0.891726
-0.328165 -0.892763
-0.328217 -0.893799
-0.328321 -0.894836
-0.328424 -0.895873
-0.328476 -0.89691
-0.32858 -0.897946
-0.328632 -0.898983
-0.328735 -0.90002
-0.328787 -0.901109
-0.328839 -0.902145
-0.328943 -0.903182
-0.328995 -0.904219
-0.329046 -0.905256
-0.329098 -0.906292
-0.32915 -0.907329
-0.329254 -0.908418
-0.329306 -0.909454
-0.329357 -0.910491
-0.329409 -0.911528
-0.329461 -0.912617
-0.329461 -0.913653
-0.329513 -0.91469
-0.329565 -0.915779
-0.329617 -0.916815
-0.329668 -0.917852
-0.329668 -0.918941
-0.32972 -0.919977
-0.329772 -0.921014
-0.329772 -0.922103
-0.329824 -0.92314
-0.329824 -0.924228
-0.329876 -0.925265
-0.329876 -0.926302
-0.329876 -0.92739
-0.329928 -0.928427
-0.329928 -0.929516
-0.329928 -0.930552
-0.329928 -0.931641
-0.329979 -0.932678
-0.329979 -0.933766
-0.329979 -0.934803
-0.329979 -0.935892
-0.329979 -0.93698
-0.329979 -0.938017
-0.329979 -0.939106
-0.329928 -0.940142
-0.329928 -0.941231
-0.329928 -0.94232
-0.329928 -0.943356
-0.329876 -0.944445
-0.329876 -0.945482
-0.329876 -0.94657
-0.329824 -0.947659
-0.329824 -0.948696
-0.329772 -0.949784
-0.329772 -0.950873
-0.32972 -0.951909
-0.32972 -0.952998
-0.329668 -0.954087
-0.329617 -0.955123
-0.329565 -0.956212
-0.329565 -0.957301
-0.329513 -0.958389
-0.329461 -0.959426
-0.329409 -0.960515
-0.329357 -0.961603
-0.329306 -0.962692
-0.329254 -0.963728
-0.329202 -0.964817
-0.32915 -0.965906
-0.329098 -0.966994
-0.329046 -0.968031
-0.328943 -0.96912
-0.328891 -0.970208
-0.328839 -0.971297
-0.328735 -0.972334
-0.328684 -0.973422
-0.32858 -0.974511
-0.328528 -0.975599
-0.328424 -0.976688
-0.328373 -0.977725
-0.328269 -0.978813
-0.328217 -0.979902
-0.328113 -0.98099
-0.32801 -0.982079
-0.327906 -0.983116
-0.327854 -0.984204
-0.32775 -0.985293
-0.327647 -0.986382
-0.327543 -0.98747
-0.327439 -0.988507
-0.327336 -0.989595
-0.327232 -0.990684
-0.327128 -0.991773
-0.327025 -0.992861
-0.326869 -0.993898
-0.326766 -0.994987
-0.326662 -0.996075
-0.326558 -0.997164
-0.326403 -0.998252
-0.326299 -0.999289
-0.326144 -1.00038
-0.32604 -1.00147
-0.325936 -1.00255
-0.325781 -1.00364
-0.325625 -1.00468
-0.325521 -1.00577
-0.325366 -1.00686
-0.32521 -1.00795
-0.325107 -1.00898
-0.324951 -1.01007
-0.324796 -1.01116
-0.32464 -1.01225
-0.324485 -1.01334
-0.324329 -1.01437
-0.324174 -1.01546
-0.324018 -1.01655
-0.323863 -1.01759
-0.323707 -1.01868
-0.323552 -1.01976
-0.323396 -1.02085
-0.323241 -1.02189
-0.323033 -1.02298
-0.322878 -1.02407
-0.322722 -1.02516
-0.322515 -1.02619
-0.322359 -1.02728
-0.322152 -1.02837
-0.321996 -1.02941
-0.321789 -1.0305
-0.321634 -1.03158
-0.321426 -1.03262
-0.321219 -1.03371
-0.321063 -1.03475
-0.320856 -1.03583
-0.320649 -1.03692
-0.320441 -1.03796
-0.320286 -1.03905
-0.320078 -1.04009
-0.319871 -1.04117
-0.319664 -1.04226
-0.319456 -1.0433
-0.319249 -1.04439
-0.319042 -1.04542
-0.318783 -1.04651
-0.318575 -1.04755
-0.318368 -1.04864
-0.318161 -1.04968
-0.317901 -1.05076
-0.317694 -1.0518
-0.317487 -1.05289
-0.317227 -1.05393
-0.31702 -1.05501
-0.316761 -1.05605
-0.316554 -1.05709
-0.316294 -1.05818
-0.316087 -1.05921
-0.315828 -1.06025
-0.315569 -1.06134
-0.315361 -1.06238
-0.315102 -1.06341
-0.314843 -1.0645
-0.314584 -1.06554
-0.314325 -1.06657
-0.314117 -1.06766
-0.313858 -1.0687
-0.313599 -1.06974
-0.31334 -1.07077
-0.31308 -1.07186
-0.312769 -1.0729
-0.31251 -1.07394
-0.312251 -1.07497
-0.311992 -1.07601
-0.311733 -1.07705
-0.311422 -1.07808
-0.311162 -1.07917
-0.310903 -1.08021
-0.310592 -1.08124
-0.310333 -1.08228
-0.310022 -1.08332
-0.309763 -1.08435
-0.309452 -1.08539
-0.309193 -1.08643
-0.308882 -1.08746
-0.308571 -1.0885
-0.308311 -1.08949
-0.308 -1.09052
-0.307689 -1.09156
-0.307378 -1.0926
-0.307119 -1.09363
-0.306808 -1.09467
-0.306497 -1.09571
-0.306186 -1.09669
-0.305875 -1.09773
-0.305564 -1.09877
-0.305253 -1.09975
-0.304942 -1.10079
-0.304579 -1.10182
-0.304268 -1.10281
-0.303957 -1.10385
-0.303646 -1.10488
-0.303335 -1.10587
-0.302972 -1.1069
-0.302661 -1.10789
-0.302298 -1.10893
-0.301987 -1.10991
-0.301676 -1.11095
-0.301313 -1.11193
-0.301002 -1.11297
-0.300639 -1.11395
-0.300277 -1.11499
-0.299965 -1.11598
-0.299603 -1.11696
-0.29924 -1.118
-0.298929 -1.11898
-0.298566 -1.11997
-0.298203 -1.12095
-0.29784 -1.12194
-0.297477 -1.12297
-0.297114 -1.12396
-0.296752 -1.12494
-0.296389 -1.12593
-0.296026 -1.12691
-0.295663 -1.1279
-0.2953 -1.12888
-0.294937 -1.12987
-0.294574 -1.13085
-0.294212 -1.13184
-0.293797 -1.13282
-0.293434 -1.13381
-0.293071 -1.13479
-0.292708 -1.13578
-0.292294 -1.13671
-0.291931 -1.1377
-0.291516 -1.13868
-0.291153 -1.13967
-0.290738 -1.1406
-0.290376 -1.14158
-0.289961 -1.14257
-0.289598 -1.1435
-0.289183 -1.14449
-0.288769 -1.14542
-0.288406 -1.1464
-0.287991 -1.14734
-0.287576 -1.14832
-0.287162 -1.14926
-0.286747 -1.15024
-0.286384 -1.15117
-0.285969 -1.15211
-0.285555 -1.15309
-0.28514 -1.15402
-0.284725 -1.15496
-0.284311 -1.15589
-0.283896 -1.15688
-0.283481 -1.15781
-0.283015 -1.15874
-0.2826 -1.15967
-0.282185 -1.16061
-0.28177 -1.16154
-0.281356 -1.16247
-0.280889 -1.16341
-0.280475 -1.16434
-0.28006 -1.16527
-0.279593 -1.16621
-0.279179 -1.16709
-0.278712 -1.16802
-0.278297 -1.16895
-0.277831 -1.16989
-0.277416 -1.17077
-0.27695 -1.1717
-0.276535 -1.17263
-0.276068 -1.17352
-0.275602 -1.17445
-0.275187 -1.17533
-0.274721 -1.17626
-0.274254 -1.17714
-0.273787 -1.17808
-0.273321 -1.17896
-0.272906 -1.17984
-0.27244 -1.18072
-0.271973 -1.18165
-0.271507 -1.18254
-0.27104 -1.18342
-0.270574 -1.1843
-0.270107 -1.18518
-0.26964 -1.18606
-0.269174 -1.18699
-0.268707 -1.18787
-0.268189 -1.1887
-0.267722 -1.18959
-0.267256 -1.19047
-0.266789 -1.19135
-0.266323 -1.19223
-0.265804 -1.19311
-0.265338 -1.19394
-0.264871 -1.19482
-0.264353 -1.1957
-0.263886 -1.19653
-0.263368 -1.19741
-0.262902 -1.19824
-0.262383 -1.19912
-0.261917 -1.19995
-0.261398 -1.20083
-0.260932 -1.20166
-0.260413 -1.20254
-0.259895 -1.20337
-0.259428 -1.2042
-0.25891 -1.20503
-0.258392 -1.20586
-0.257925 -1.20674
-0.257407 -1.20757
-0.256888 -1.2084
-0.25637 -1.20923
-0.255852 -1.21006
-0.255333 -1.21089
-0.254867 -1.21167
-0.254348 -1.2125
-0.25383 -1.21333
-0.253312 -1.21416
-0.252793 -1.21499
-0.252275 -1.21576
-0.251705 -1.21659
-0.251186 -1.21737
-0.250668 -1.2182
-0.25015 -1.21898
-0.249631 -1.21981
-0.249113 -1.22058
-0.248543 -1.22141
-0.248024 -1.22219
-0.247506 -1.22297
-0.246987 -1.22375
-0.246417 -1.22458
-0.245899 -1.22535
-0.24538 -1.22613
-0.24481 -1.22691
-0.244292 -1.22769
-0.243722 -1.22846
-0.243203 -1.22924
-0.242633 -1.23002
-0.242115 -1.23074
-0.241544 -1.23152
-0.241026 -1.2323
-0.240456 -1.23308
-0.239886 -1.2338
-0.239367 -1.23458
-0.238797 -1.23531
-0.238227 -1.23608
-0.237708 -1.23681
-0.237138 -1.23759
-0.236568 -1.23831
-0.235998 -1.23904
-0.235479 -1.23982
-0.234909 -1.24054
-0.234339 -1.24127
-0.233769 -1.24199
-0.233199 -1.24272
-0.232628 -1.24344
-0.232058 -1.24417
-0.231488 -1.2449
-0.230918 -1.24562
-0.230348 -1.24635
-0.229777 -1.24702
-0.229207 -1.24775
-0.228637 -1.24847
-0.228067 -1.2492
-0.227496 -1.24987
-0.226926 -1.2506
-0.226304 -1.25127
-0.225734 -1.252
-0.225164 -1.25267
-0.224594 -1.25335
-0.223972 -1.25407
-0.223401 -1.25474
-0.222831 -1.25542
-0.222261 -1.25609
-0.221639 -1.25677
