-0.24421 -1.29404
-0.250862 -1.26446
-0.255585 -1.24322
-0.259348 -1.22599
-0.263635 -1.20594
-0.264234 -1.20311
-0.272661 -1.16386
-0.28007 -1.13176
-0.281104 -1.12738
-0.29152 -1.08483
-0.298488 -1.05471
-0.29862 -1.05413
-0.312555 -0.972281
-0.31265 -0.971703
-0.314894 -0.956911
-0.314958 -0.956202
-0.315089 -0.954753
-0.316767 -0.932023
-0.317617 -0.91037
-0.31764 -0.906553
-0.307238 -0.820682
-0.3069 -0.818463
-0.306475 -0.815674
-0.299776 -0.790016
-0.297871 -0.785585
-0.292902 -0.774029
-0.279878 -0.754512
-0.271136 -0.743961
-0.263434 -0.737096
-0.263402 -0.737068
-0.256737 -0.732022
-0.249453 -0.727331
-0.241211 -0.723169
-0.233611 -0.720019
-0.233611 -0.720019
-0.226449 -0.717722
-0.219989 -0.716065
-0.216586 -0.71535
-0.209113 -0.714034
-0.208158 -0.71392
-0.205815 -0.713641
-0.203499 -0.713365
-0.199223 -0.712926
-0.195846 -0.712673
-0.194624 -0.712609
-0.186767 -0.712295
-0.182484 -0.712283
-0.16349 -0.713018
-0.159409 -0.713275
-0.152166 -0.71373
-0.15062 -0.713879
-0.149054 -0.71403
-0.138253 -0.715199
-0.138241 -0.715201
-0.131957 -0.715982
-0.114926 -0.718183
-0.095128 -0.720546
-0.0773 -0.721864
-0.0697037 -0.721957
-0.0695378 -0.721959
-0.0611894 -0.721459
-0.0611894 -0.721459
-0.0571108 -0.720673
-0.055128 -0.720291
-0.055128 -0.720291
-0.0541835 -0.720018
-0.0514273 -0.719106
-0.0483958 -0.71774
-0.0483958 -0.71774
-0.0472155 -0.717078
-0.0463768 -0.716554
-0.04496 -0.715547
-0.0424086 -0.71323
-0.0424086 -0.71323
-0.0394342 -0.708786
-0.0390184 -0.708041
-0.0388847 -0.707801
-0.0388007 -0.70765
-0.0382217 -0.706597
-0.0376204 -0.704777
-0.0360466 -0.693415
-0.0360466 -0.693415
-0.0365224 -0.686797
-0.0400619 -0.670953
-0.0428326 -0.662816
-0.0438067 -0.660256
-0.049572 -0.646093
-0.050474 -0.644198
-0.0537978 -0.637341
-0.0538735 -0.637185
-0.0540928 -0.636732
-0.0545251 -0.635841
-0.0621727 -0.620718
-0.0660756 -0.613443
-0.0769584 -0.593526
-0.0912122 -0.568372
-0.0978339 -0.556767
-0.0978339 -0.556767
-0.0978339 -0.556767
-0.0978339 -0.556767
