0.0151037 -0.738235
0.021065 -0.742537
0.0275966 -0.597133
-0.045028 -0.765138
-0.0693916 -0.696298
-0.0493823 -0.79085
0.030033 -0.784111
-0.0193165 -0.664677
-0.000188393 -0.795567
0.111159 -0.753942
0.00691336 -0.824596
-0.0529073 -0.742485
-0.00412805 -0.648089
0.00670601 -0.695624
-0.0155323 -0.692151
0.00147041 -0.778927
0.0394674 -0.735228
-0.0155842 -0.871302
0.0346983 -0.748654
-0.0352825 -0.785511
-0.0536848 -0.763583
0.00224798 -0.790487
-0.0318094 -0.750157
-0.146889 -0.691581
-0.0940664 -0.709413
0.00691336 -0.759903
-0.0602164 -0.610299
-0.0620307 -0.6498
-0.0670071 -0.669083
-0.077271 -0.719469
-0.0403626 -0.706977
-0.0212863 -0.789969
-0.0698063 -0.744041
-0.0362156 -0.68676
-0.131389 -0.624192
-0.128176 -0.685982
-0.0646226 -0.652651
-0.182294 -0.794012
-0.122266 -0.586091
-0.0736942 -0.646793
-0.0840099 -0.632434
-0.10573 -0.507091
-0.0489158 -0.634974
-0.189966 -0.584484
-0.25694 -0.622689
-0.198934 -0.667736
-0.140046 -0.730407
-0.0974358 -0.656642
-0.148496 -0.664988
-0.208368 -0.758089
-0.141705 -0.532958
-0.257355 -0.661982
-0.188048 -0.653791
-0.109099 -0.553745
-0.210857 -0.699408
-0.143105 -0.756067
-0.210753 -0.692151
-0.19178 -0.767108
-0.111121 -0.688574
-0.290998 -0.603042
-0.159019 -0.641869
-0.154146 -0.629531
-0.218166 -0.61004
-0.199193 -0.749483
-0.275602 -0.605116
-0.199504 -0.709465
-0.321374 -0.695883
-0.149844 -0.705836
-0.248594 -0.780431
-0.250823 -0.751246
-0.316035 -0.649696
-0.227496 -0.685775
-0.240093 -0.76322
-0.290998 -0.651407
-0.280526 -0.824752
-0.363726 -0.741138
-0.291931 -0.79339
-0.292501 -0.820657
-0.282963 -0.951858
-0.280578 -0.81962
-0.29219 -0.906396
-0.283429 -1.05066
-0.312044 -0.910336
-0.304216 -0.970312
-0.341073 -0.95927
-0.330498 -0.93273
-0.333245 -0.770374
-0.295507 -0.95445
-0.348693 -0.978243
-0.322256 -1.06015
-0.346723 -1.09835
-0.30489 -1.13313
-0.275757 -1.2295
-0.298307 -1.21042
-0.327025 -1.25884
-0.234754 -1.29191
-0.285555 -1.21058
-0.203962 -1.25402
-0.143831 -1.10022
-0.179287 -1.14381
