2.91273e-09 -1
-0.0062915 -1
-0.012583 -0.999885
-0.0188745 -0.999769
-0.025166 -0.999652
-0.0314575 -0.999535
-0.037749 -0.999302
-0.0440405 -0.998953
-0.0502155 -0.99872
-0.056507 -0.99837
-0.0627986 -0.998021
-0.0690901 -0.997555
-0.0753816 -0.997089
-0.0816731 -0.996623
-0.0878481 -0.996157
-0.0941396 -0.995574
-0.100431 -0.994875
-0.106606 -0.994293
-0.112898 -0.993594
-0.119073 -0.992894
-0.125364 -0.992079
-0.131539 -0.991263
-0.137831 -0.990448
-0.144006 -0.989516
-0.150297 -0.988584
-0.156472 -0.987652
-0.162647 -0.986719
-0.168822 -0.985671
-0.174997 -0.984506
-0.181289 -0.983457
-0.187464 -0.982292
-0.193522 -0.98101
-0.199697 -0.979845
-0.205872 -0.978564
-0.212047 -0.977282
-0.218222 -0.975884
-0.224281 -0.974486
-0.230456 -0.973088
-0.236514 -0.971573
-0.242573 -0.970059
-0.248748 -0.968544
-0.254806 -0.967029
-0.260864 -0.965398
-0.266923 -0.963651
-0.272981 -0.962019
-0.27904 -0.960272
-0.285098 -0.958524
-0.29104 -0.95666
-0.297099 -0.954796
-0.303041 -0.952932
-0.309099 -0.951068
-0.315041 -0.949087
-0.320983 -0.947106
-0.326925 -0.945009
-0.332867 -0.942912
-0.338809 -0.940815
-0.344635 -0.938718
-0.350577 -0.936504
-0.356402 -0.93429
-0.362344 -0.932077
-0.36817 -0.929746
-0.373995 -0.927416
-0.379821 -0.925086
-0.385646 -0.922639
-0.391355 -0.920193
-0.39718 -0.917746
-0.402889 -0.915183
-0.408715 -0.912619
-0.414424 -0.910056
-0.420133 -0.907493
-0.425842 -0.904813
-0.431434 -0.902134
-0.437143 -0.899337
-0.442736 -0.896658
-0.448445 -0.893861
-0.454037 -0.890949
-0.459629 -0.888153
-0.465222 -0.88524
-0.470698 -0.882211
-0.47629 -0.879298
-0.481766 -0.876269
-0.487242 -0.873239
-0.492718 -0.87021
-0.498194 -0.867064
-0.50367 -0.863919
-0.509029 -0.860773
-0.514505 -0.857511
-0.519865 -0.854248
-0.525224 -0.850986
-0.530584 -0.847607
-0.535827 -0.844345
-0.541186 -0.840966
-0.546429 -0.837471
-0.551672 -0.834092
-0.556915 -0.830597
-0.562158 -0.827102
-0.567284 -0.82349
-0.572411 -0.819878
-0.577653 -0.816266
-0.58278 -0.812654
-0.58779 -0.809043
-0.592916 -0.805314
-0.597926 -0.801586
-0.602936 -0.797741
-0.607946 -0.794013
-0.612956 -0.790168
-0.617849 -0.786207
-0.622859 -0.782362
-0.627753 -0.778401
-0.632646 -0.774439
-0.637423 -0.770478
-0.642316 -0.766517
-0.647093 -0.762439
-0.65187 -0.758361
-0.656647 -0.754283
-0.661307 -0.750089
-0.666084 -0.745895
-0.670744 -0.7417
-0.675405 -0.737506
-0.679949 -0.733195
-0.684609 -0.728884
-0.689153 -0.724573
-0.693697 -0.720263
-0.698241 -0.715952
-0.702668 -0.711524
-0.707095 -0.707097
-0.711523 -0.70267
-0.71595 -0.698126
-0.720377 -0.693582
-0.724688 -0.689038
-0.728999 -0.684494
-0.73331 -0.67995
-0.737504 -0.67529
-0.741815 -0.67063
-0.74601 -0.665969
-0.750204 -0.661309
-0.754282 -0.656532
-0.75836 -0.651755
-0.762437 -0.646978
-0.766515 -0.642201
-0.770593 -0.637424
-0.774554 -0.632531
-0.778516 -0.627638
-0.782477 -0.622744
-0.786322 -0.617851
-0.790167 -0.612841
-0.794011 -0.607947
-0.797856 -0.602938
-0.801585 -0.597928
-0.805313 -0.592801
-0.809041 -0.587791
-0.812769 -0.582665
-0.816381 -0.577539
-0.819993 -0.572412
-0.823605 -0.567286
-0.8271 -0.562043
-0.830595 -0.5568
-0.834091 -0.551673
-0.837586 -0.546314
-0.840965 -0.541071
-0.844343 -0.535828
-0.847722 -0.530469
-0.850985 -0.525109
-0.854363 -0.51975
-0.857509 -0.51439
-0.860771 -0.509031
-0.863917 -0.503555
-0.867063 -0.498196
-0.870209 -0.49272
-0.873354 -0.487244
-0.876384 -0.481768
-0.879296 -0.476175
-0.882326 -0.470699
-0.885238 -0.465107
-0.888151 -0.459515
-0.891064 -0.453922
-0.89386 -0.44833
-0.896656 -0.442737
-0.899452 -0.437028
-0.902132 -0.431436
-0.904812 -0.425727
-0.907492 -0.420018
-0.910171 -0.414309
-0.912734 -0.4086
-0.915298 -0.402891
-0.917744 -0.397065
-0.920308 -0.391357
-0.922754 -0.385531
-0.925084 -0.379706
-0.927531 -0.37388
-0.929861 -0.368055
-0.932075 -0.362229
-0.934405 -0.356404
-0.936619 -0.350462
-0.938716 -0.344636
-0.94093 -0.338694
-0.943027 -0.332752
-0.945124 -0.32681
-0.947105 -0.320868
-0.949085 -0.314926
-0.951066 -0.308984
-0.953047 -0.303042
-0.954911 -0.296984
-0.956775 -0.291042
-0.958523 -0.284983
-0.960387 -0.278925
-0.962018 -0.272866
-0.963766 -0.266925
-0.965397 -0.260866
-0.967028 -0.254691
-0.968659 -0.248633
-0.970174 -0.242574
-0.971688 -0.236516
-0.973086 -0.230341
-0.974601 -0.224282
-0.975999 -0.218107
-0.977281 -0.211932
-0.978562 -0.205874
-0.979844 -0.199699
-0.981125 -0.193524
-0.982291 -0.187349
-0.983456 -0.181174
-0.984621 -0.174999
-0.985669 -0.168824
-0.986718 -0.162649
-0.987767 -0.156357
-0.988699 -0.150182
-0.989631 -0.144007
-0.990446 -0.137716
-0.991378 -0.131541
-0.992194 -0.125249
-0.992893 -0.119074
-0.993592 -0.112783
-0.994291 -0.106608
-0.99499 -0.100316
-0.995573 -0.0940246
-0.996155 -0.0878496
-0.996738 -0.0815581
-0.997204 -0.0752666
-0.99767 -0.0689751
-0.998019 -0.0628001
-0.998485 -0.0565086
-0.998718 -0.0502171
-0.999068 -0.0439256
-0.999301 -0.0376341
-0.999534 -0.0313426
-0.999767 -0.025051
-0.999883 -0.0187595
-1 -0.0125845
-1 -0.00629303
-1 -1.52744e-06
-1 0.00628998
-1 0.0125815
-0.999883 0.018873
-0.999767 0.0251645
-0.999534 0.031456
-0.999301 0.0377475
-0.999068 0.044039
-0.998718 0.0503305
-0.998485 0.0565055
-0.998019 0.062797
-0.99767 0.0690885
-0.997204 0.07538
-0.996738 0.0816715
-0.996155 0.0878465
-0.995573 0.0941381
-0.99499 0.10043
-0.994291 0.106605
-0.993592 0.112896
-0.992893 0.119188
-0.992194 0.125363
-0.991378 0.131654
-0.990446 0.137829
-0.989631 0.144004
-0.988699 0.150296
-0.987767 0.156471
-0.986718 0.162646
-0.985669 0.168821
-0.984621 0.175112
-0.983456 0.181287
-0.982291 0.187462
-0.981125 0.193637
-0.979844 0.199696
-0.978562 0.205871
-0.977281 0.212046
-0.975999 0.218221
-0.974601 0.224279
-0.973086 0.230454
-0.971688 0.236513
-0.970174 0.242688
-0.968659 0.248746
-0.967028 0.254804
-0.965397 0.260863
-0.963766 0.266921
-0.962018 0.27298
-0.960387 0.279038
-0.958523 0.285097
-0.956775 0.291039
-0.954911 0.297097
-0.953047 0.303039
-0.951066 0.309098
-0.949085 0.31504
-0.947105 0.320982
-0.945124 0.326924
-0.943027 0.332866
-0.94093 0.338808
-0.938716 0.344633
-0.936619 0.350575
-0.934405 0.356401
-0.932075 0.362343
-0.929861 0.368168
-0.927531 0.373994
-0.925084 0.379819
-0.922754 0.385645
-0.920308 0.39147
-0.917744 0.397179
-0.915298 0.403004
-0.912734 0.408713
-0.910171 0.414422
-0.907492 0.420131
-0.904812 0.42584
-0.902132 0.431549
-0.899452 0.437142
-0.896656 0.442851
-0.89386 0.448443
-0.891064 0.454036
-0.888151 0.459628
-0.885238 0.46522
-0.882326 0.470696
-0.879296 0.476289
-0.876384 0.481765
-0.873354 0.487241
-0.870209 0.492717
-0.867063 0.498193
-0.863917 0.503669
-0.860771 0.509028
-0.857509 0.514504
-0.854363 0.519863
-0.850985 0.525223
-0.847722 0.530582
-0.844343 0.535825
-0.840965 0.541185
-0.837586 0.546427
-0.834091 0.55167
-0.830595 0.556913
-0.8271 0.562156
-0.823605 0.567283
-0.819993 0.572526
-0.816381 0.577652
-0.812769 0.582778
-0.809041 0.587788
-0.805313 0.592915
-0.801585 0.597925
-0.797856 0.602935
-0.794011 0.607944
-0.790167 0.612954
-0.786322 0.617848
-0.782477 0.622858
-0.778516 0.627751
-0.774554 0.632644
-0.770593 0.637421
-0.766515 0.642315
-0.762437 0.647092
-0.75836 0.651868
-0.754282 0.656645
-0.750204 0.661306
-0.74601 0.666083
-0.741815 0.670743
-0.737504 0.675403
-0.73331 0.679947
-0.728999 0.684608
-0.724688 0.689151
-0.720377 0.693695
-0.71595 0.698239
-0.711523 0.702667
-0.707095 0.70721
-0.702668 0.711638
-0.698241 0.715949
-0.693697 0.720376
-0.689153 0.724687
-0.684609 0.728998
-0.679949 0.733309
-0.675405 0.737503
-0.670744 0.741814
-0.666084 0.746008
-0.661307 0.750202
-0.656647 0.75428
-0.65187 0.758358
-0.647093 0.762436
-0.642316 0.766514
-0.637423 0.770592
-0.632646 0.774553
-0.627753 0.778514
-0.622859 0.782475
-0.617849 0.78632
-0.612956 0.790165
-0.607946 0.79401
-0.602936 0.797855
-0.597926 0.801583
-0.592916 0.805311
-0.58779 0.80904
-0.58278 0.812768
-0.577653 0.81638
-0.572411 0.819991
-0.567284 0.823603
-0.562158 0.827099
-0.556915 0.830594
-0.551672 0.834089
-0.546429 0.837584
-0.541186 0.840963
-0.535827 0.844342
-0.530584 0.847721
-0.525224 0.851099
-0.519865 0.854362
-0.514505 0.857624
-0.509029 0.86077
-0.50367 0.863916
-0.498194 0.867061
-0.492718 0.870207
-0.487242 0.873353
-0.481766 0.876382
-0.47629 0.879411
-0.470698 0.882324
-0.465222 0.885237
-0.459629 0.888149
-0.454037 0.891062
-0.448445 0.893858
-0.442736 0.896655
-0.437143 0.899451
-0.431434 0.902131
-0.425842 0.904927
-0.420133 0.90749
-0.414424 0.91017
-0.408715 0.912733
-0.402889 0.915296
-0.39718 0.917859
-0.391355 0.920306
-0.385646 0.922753
-0.379821 0.925083
-0.373995 0.92753
-0.36817 0.92986
-0.362344 0.932074
-0.356402 0.934404
-0.350577 0.936617
-0.344635 0.938831
-0.338809 0.940928
-0.332867 0.943025
-0.326925 0.945123
-0.320983 0.947103
-0.315041 0.9492
-0.309099 0.951065
-0.303041 0.953045
-0.297099 0.954909
-0.29104 0.956773
-0.285098 0.958521
-0.27904 0.960385
-0.272981 0.962133
-0.266923 0.963764
-0.260864 0.965395
-0.254806 0.967026
-0.248748 0.968657
-0.242573 0.970172
-0.236514 0.971687
-0.230456 0.973201
-0.224281 0.974599
-0.218222 0.975998
-0.212047 0.977279
-0.205872 0.978677
-0.199697 0.979959
-0.193522 0.981124
-0.187464 0.982289
-0.181289 0.983454
-0.174997 0.984619
-0.168822 0.985668
-0.162647 0.986716
-0.156472 0.987765
-0.150297 0.988697
-0.144006 0.989629
-0.137831 0.990561
-0.131539 0.991377
-0.125364 0.992192
-0.119073 0.992891
-0.112898 0.993707
-0.106606 0.994406
-0.100431 0.994989
-0.0941396 0.995571
-0.0878481 0.996154
-0.0816731 0.996736
-0.0753816 0.997202
-0.0690901 0.997668
-0.0627986 0.998134
-0.056507 0.998484
-0.0502155 0.998833
-0.0440405 0.999066
-0.037749 0.999299
-0.0314575 0.999532
-0.025166 0.999765
-0.0188745 0.999882
-0.012583 0.999998
-0.0062915 0.999998
2.91273e-09 0.999998
0.00629151 0.999998
0.012583 0.999998
0.0188745 0.999882
0.0250495 0.999765
0.031341 0.999532
0.0376325 0.999299
0.043924 0.999066
0.0502155 0.998833
0.0565071 0.998484
0.0627986 0.998134
0.0690901 0.997668
0.0752651 0.997202
0.0815566 0.996736
0.0878481 0.996154
0.0941396 0.995571
0.100315 0.994989
0.106606 0.994406
0.112781 0.993707
0.119073 0.992891
0.125364 0.992192
0.131539 0.991377
0.137714 0.990561
0.144006 0.989629
0.150181 0.988697
0.156356 0.987765
0.162647 0.986716
0.168822 0.985668
0.174997 0.984619
0.181172 0.983454
0.187347 0.982289
0.193522 0.981124
0.199697 0.979959
0.205872 0.978677
0.211931 0.977279
0.218106 0.975998
0.224281 0.974599
0.230339 0.973201
0.236514 0.971687
0.242573 0.970172
0.248631 0.968657
0.254806 0.967026
0.260865 0.965395
0.266923 0.963764
0.272981 0.962133
0.278923 0.960385
0.284982 0.958521
0.29104 0.956773
0.296982 0.954909
0.303041 0.953045
0.308983 0.951065
0.314925 0.9492
0.320867 0.947103
0.326925 0.945123
0.332751 0.943025
0.338693 0.940928
0.344635 0.938831
0.35046 0.936617
0.356402 0.934404
0.362228 0.932074
0.368053 0.92986
0.373995 0.92753
0.379704 0.925083
0.38553 0.922753
0.391355 0.920306
0.39718 0.917859
0.402889 0.915296
0.408598 0.912733
0.414307 0.91017
0.420016 0.90749
0.425725 0.904927
0.431434 0.902131
0.437143 0.899451
0.442736 0.896655
0.448328 0.893858
0.453921 0.891062
0.459513 0.888149
0.465105 0.885237
0.470698 0.882324
0.476174 0.879411
0.481766 0.876382
0.487242 0.873353
0.492718 0.870207
0.498194 0.867061
0.503554 0.863916
0.509029 0.86077
0.514389 0.857624
0.519748 0.854362
0.525108 0.851099
0.530467 0.847721
0.535827 0.844342
0.54107 0.840963
0.546429 0.837584
0.551672 0.834089
0.556915 0.830594
0.562041 0.827099
0.567284 0.823603
0.572411 0.819991
0.577537 0.81638
0.582663 0.812768
0.58779 0.80904
0.5928 0.805311
0.597926 0.801583
0.602936 0.797855
0.607946 0.79401
0.612839 0.790165
0.617849 0.78632
0.622743 0.782475
0.627636 0.778514
0.632529 0.774553
0.637423 0.770592
0.6422 0.766514
0.647093 0.762436
0.65187 0.758358
0.65653 0.75428
0.661307 0.750202
0.665968 0.746008
0.670628 0.741814
0.675288 0.737503
0.679949 0.733309
0.684493 0.728998
0.689153 0.724687
0.69358 0.720376
0.698124 0.715949
0.702668 0.711638
0.707095 0.70721
0.711523 0.702667
0.71595 0.698239
0.720261 0.693695
0.724688 0.689151
0.728999 0.684608
0.733194 0.679947
0.737504 0.675403
0.741699 0.670743
0.745893 0.666083
0.750087 0.661306
0.754282 0.656645
0.75836 0.651868
0.762437 0.647092
0.766515 0.642315
0.770477 0.637421
0.774438 0.632644
0.778399 0.627751
0.78236 0.622858
0.786322 0.617848
0.790167 0.612954
0.794011 0.607944
0.79774 0.602935
0.801585 0.597925
0.805313 0.592915
0.809041 0.587788
0.812653 0.582778
0.816381 0.577652
0.819993 0.572526
0.823488 0.567283
0.8271 0.562156
0.830595 0.556913
0.834091 0.55167
0.837469 0.546427
0.840965 0.541185
0.844343 0.535825
0.847722 0.530582
0.850985 0.525223
0.854247 0.519863
0.857509 0.514504
0.860771 0.509028
0.863917 0.503669
0.867063 0.498193
0.870209 0.492717
0.873238 0.487241
0.876267 0.481765
0.879296 0.476289
0.882326 0.470696
0.885238 0.46522
0.888151 0.459628
0.890947 0.454036
0.89386 0.448443
0.896656 0.442851
0.899336 0.437142
0.902132 0.431549
0.904812 0.42584
0.907492 0.420131
0.910055 0.414422
0.912734 0.408713
0.915181 0.403004
0.917744 0.397179
0.920191 0.39147
0.922638 0.385645
0.925084 0.379819
0.927415 0.373994
0.929745 0.368168
0.932075 0.362343
0.934289 0.356401
0.936502 0.350575
0.938716 0.344633
0.940813 0.338808
0.943027 0.332866
0.945008 0.326924
0.947105 0.320982
0.949085 0.31504
0.951066 0.309098
0.95293 0.303039
0.954794 0.297097
0.956659 0.291039
0.958523 0.285097
0.96027 0.279038
0.962018 0.27298
0.963766 0.266921
0.965397 0.260863
0.967028 0.254804
0.968542 0.248746
0.970057 0.242688
0.971572 0.236513
0.973086 0.230454
0.974484 0.224279
0.975883 0.218221
0.977281 0.212046
0.978562 0.205871
0.979844 0.199696
0.981125 0.193637
0.982291 0.187462
0.983456 0.181287
0.984504 0.175112
0.985669 0.168821
0.986718 0.162646
0.98765 0.156471
0.988582 0.150296
0.989514 0.144004
0.990446 0.137829
0.991262 0.131654
0.992077 0.125363
0.992893 0.119188
0.993592 0.112896
0.994291 0.106605
0.99499 0.10043
0.995573 0.0941381
0.996155 0.0878465
0.996621 0.0816715
0.997204 0.07538
0.997553 0.0690885
0.998019 0.062797
0.998369 0.0565055
0.998718 0.0503305
0.999068 0.044039
0.999301 0.0377475
0.999534 0.031456
0.99965 0.0251645
0.999767 0.018873
0.999883 0.0125815
1 0.00628998
1 -1.52744e-06
1 -0.00629303
0.999883 -0.0125845
0.999767 -0.0187595
0.99965 -0.025051
0.999534 -0.0313426
0.999301 -0.0376341
0.999068 -0.0439256
0.998718 -0.0502171
0.998369 -0.0565086
0.998019 -0.0628001
0.997553 -0.0689751
0.997204 -0.0752666
0.996621 -0.0815581
0.996155 -0.0878496
0.995573 -0.0940246
0.99499 -0.100316
0.994291 -0.106608
0.993592 -0.112783
0.992893 -0.119074
0.992077 -0.125249
0.991262 -0.131541
0.990446 -0.137716
0.989514 -0.144007
0.988582 -0.150182
0.98765 -0.156357
0.986718 -0.162649
0.985669 -0.168824
0.984504 -0.174999
0.983456 -0.181174
0.982291 -0.187349
0.981125 -0.193524
0.979844 -0.199699
0.978562 -0.205874
0.977281 -0.211932
0.975883 -0.218107
0.974484 -0.224282
0.973086 -0.230341
0.971572 -0.236516
0.970057 -0.242574
0.968542 -0.248633
0.967028 -0.254691
0.965397 -0.260866
0.963766 -0.266925
0.962018 -0.272866
0.96027 -0.278925
0.958523 -0.284983
0.956659 -0.291042
0.954794 -0.296984
0.95293 -0.303042
0.951066 -0.308984
0.949085 -0.314926
0.947105 -0.320868
0.945008 -0.32681
0.943027 -0.332752
0.940813 -0.338694
0.938716 -0.344636
0.936502 -0.350462
0.934289 -0.356404
0.932075 -0.362229
0.929745 -0.368055
0.927415 -0.37388
0.925084 -0.379706
0.922638 -0.385531
0.920191 -0.391357
0.917744 -0.397065
0.915181 -0.402891
0.912734 -0.4086
0.910055 -0.414309
0.907492 -0.420018
0.904812 -0.425727
0.902132 -0.431436
0.899336 -0.437028
0.896656 -0.442737
0.89386 -0.44833
0.890947 -0.453922
0.888151 -0.459515
0.885238 -0.465107
0.882326 -0.470699
0.879296 -0.476175
0.876267 -0.481768
0.873238 -0.487244
0.870209 -0.49272
0.867063 -0.498196
0.863917 -0.503555
0.860771 -0.509031
0.857509 -0.51439
0.854247 -0.51975
0.850985 -0.525109
0.847722 -0.530469
0.844343 -0.535828
0.840965 -0.541071
0.837469 -0.546314
0.834091 -0.551673
0.830595 -0.5568
0.8271 -0.562043
0.823488 -0.567286
0.819993 -0.572412
0.816381 -0.577539
0.812653 -0.582665
0.809041 -0.587791
0.805313 -0.592801
0.801585 -0.597928
0.79774 -0.602938
0.794011 -0.607947
0.790167 -0.612841
0.786322 -0.617851
0.78236 -0.622744
0.778399 -0.627638
0.774438 -0.632531
0.770477 -0.637424
0.766515 -0.642201
0.762437 -0.646978
0.75836 -0.651755
0.754282 -0.656532
0.750087 -0.661309
0.745893 -0.665969
0.741699 -0.67063
0.737504 -0.67529
0.733194 -0.67995
0.728999 -0.684494
0.724688 -0.689038
0.720261 -0.693582
0.71595 -0.698126
0.711523 -0.70267
0.707095 -0.707097
0.702668 -0.711524
0.698124 -0.715952
0.69358 -0.720263
0.689153 -0.724573
0.684493 -0.728884
0.679949 -0.733195
0.675288 -0.737506
0.670628 -0.7417
0.665968 -0.745895
0.661307 -0.750089
0.65653 -0.754283
0.65187 -0.758361
0.647093 -0.762439
0.6422 -0.766517
0.637423 -0.770478
0.632529 -0.774439
0.627636 -0.778401
0.622743 -0.782362
0.617849 -0.786207
0.612839 -0.790168
0.607946 -0.794013
0.602936 -0.797741
0.597926 -0.801586
0.5928 -0.805314
0.58779 -0.809043
0.582663 -0.812654
0.577537 -0.816266
0.572411 -0.819878
0.567284 -0.82349
0.562041 -0.827102
0.556915 -0.830597
0.551672 -0.834092
0.546429 -0.837471
0.54107 -0.840966
0.535827 -0.844345
0.530467 -0.847607
0.525108 -0.850986
0.519748 -0.854248
0.514389 -0.857511
0.509029 -0.860773
0.503554 -0.863919
0.498194 -0.867064
0.492718 -0.87021
0.487242 -0.873239
0.481766 -0.876269
0.476174 -0.879298
0.470698 -0.882211
0.465105 -0.88524
0.459513 -0.888153
0.453921 -0.890949
0.448328 -0.893861
0.442736 -0.896658
0.437143 -0.899337
0.431434 -0.902134
0.425725 -0.904813
0.420016 -0.907493
0.414307 -0.910056
0.408598 -0.912619
0.402889 -0.915183
0.39718 -0.917746
0.391355 -0.920193
0.38553 -0.922639
0.379704 -0.925086
0.373995 -0.927416
0.368053 -0.929746
0.362228 -0.932077
0.356402 -0.93429
0.35046 -0.936504
0.344635 -0.938718
0.338693 -0.940815
0.332751 -0.942912
0.326925 -0.945009
0.320867 -0.947106
0.314925 -0.949087
0.308983 -0.951068
0.303041 -0.952932
0.296982 -0.954796
0.29104 -0.95666
0.284982 -0.958524
0.278923 -0.960272
0.272981 -0.962019
0.266923 -0.963651
0.260865 -0.965398
0.254806 -0.967029
0.248631 -0.968544
0.242573 -0.970059
0.236514 -0.971573
0.230339 -0.973088
0.224281 -0.974486
0.218106 -0.975884
0.211931 -0.977282
0.205872 -0.978564
0.199697 -0.979845
0.193522 -0.98101
0.187347 -0.982292
0.181172 -0.983457
0.174997 -0.984506
0.168822 -0.985671
0.162647 -0.986719
0.156356 -0.987652
0.150181 -0.988584
0.144006 -0.989516
0.137714 -0.990448
0.131539 -0.991263
0.125364 -0.992079
0.119073 -0.992894
0.112781 -0.993594
0.106606 -0.994293
0.100315 -0.994875
0.0941396 -0.995574
0.0878481 -0.996157
0.0815566 -0.996623
0.0752651 -0.997089
0.0690901 -0.997555
0.0627986 -0.998021
0.0565071 -0.99837
0.0502155 -0.99872
0.043924 -0.998953
0.0376325 -0.999302
0.031341 -0.999535
0.0250495 -0.999652
0.0188745 -0.999769
0.012583 -0.999885
0.00629151 -1
