1.2001 -0.241626
1.14164 -0.29043
1.13309 -0.297566
0.995556 -0.411132
0.989849 -0.415828
0.883375 -0.500578
0.852923 -0.524379
0.719872 -0.619319
0.715081 -0.622625
0.714397 -0.623098
0.587547 -0.702151
0.580751 -0.706097
0.563167 -0.716307
0.530552 -0.735232
0.514361 -0.743559
0.467743 -0.766345
0.305771 -0.827345
0.0891938 -0.873617
0.0315787 -0.883049
-0.0490108 -0.883896
-0.0850064 -0.882532
-0.0948177 -0.88216
-0.290428 -0.842363
-0.315843 -0.836263
-0.376142 -0.813619
-0.460465 -0.77081
-0.473564 -0.763638
-0.50518 -0.744234
-0.549035 -0.712877
-0.598369 -0.672342
-0.636788 -0.63642
-0.657259 -0.615589
-0.72203 -0.537173
-0.821157 -0.369502
-0.862021 -0.267539
-0.866061 -0.256377
-0.902209 -0.0966297
-0.909078 -0.0390974
-0.912371 0.0436231
-0.910898 0.0960127
-0.902025 0.18157
-0.887813 0.255875
-0.869391 0.322748
-0.86587 0.333607
-0.844683 0.390341
-0.806396 0.47108
-0.801784 0.47925
-0.777118 0.5209
-0.776532 0.521802
-0.773308 0.526763
-0.764411 0.540096
-0.748468 0.56263
-0.720271 0.599199
-0.717119 0.602821
-0.716141 0.603943
-0.675577 0.649557
-0.67451 0.650656
-0.669985 0.655317
-0.658404 0.665257
-0.547347 0.756554
-0.539536 0.761364
-0.442616 0.818322
-0.408414 0.832706
-0.289447 0.876932
-0.259737 0.88387
-0.255097 0.884954
-0.168213 0.901639
-0.082195 0.908642
0.0791145 0.907156
0.0844355 0.906658
0.0916393 0.905713
0.129602 0.900736
0.184923 0.887348
0.186525 0.886914
0.43821 0.813037
0.448101 0.808964
0.500991 0.78555
0.506034 0.783169
0.51573 0.778537
0.540177 0.765974
0.548645 0.761521
0.560573 0.755248
0.657891 0.702275
0.674142 0.692547
0.679797 0.689128
0.681359 0.688184
0.696591 0.678978
0.728605 0.658878
0.738623 0.652543
0.770507 0.631815
0.797 0.61397
0.806936 0.607222
0.867241 0.565734
0.898298 0.543558
0.899163 0.542936
0.973735 0.489035
0.986926 0.479267
1.10114 0.394602
1.12168 0.379277
1.13419 0.369946
