-0.0534778 -1.00175
-0.0892462 -0.994409
-0.0986834 -0.984156
-0.309332 -0.921125
-0.342421 -0.94699
-0.413841 -0.900153
-0.521962 -0.852035
-0.509146 -0.859724
-0.567284 -0.836422
-0.60713 -0.790168
-0.670628 -0.756264
-0.709775 -0.710825
-0.729232 -0.68263
-0.804381 -0.603637
-0.890714 -0.409649
-0.940697 -0.297916
-0.953746 -0.284168
-0.988116 -0.115695
-1 -0.048819
-0.987883 0.0410098
-1.00012 0.099148
-0.977281 0.189676
-0.942561 0.266572
-0.935104 0.341021
-0.929628 0.35442
-0.891879 0.412558
-0.867179 0.504018
-0.852383 0.508911
-0.838285 0.561923
-0.837469 0.568448
-0.840848 0.561574
-0.814168 0.574273
-0.797041 0.599206
-0.757544 0.638004
-0.761971 0.643829
-0.769544 0.642082
-0.706163 0.679248
-0.723407 0.698123
-0.69661 0.70989
-0.71828 0.7022
-0.589421 0.824885
-0.578003 0.823836
-0.472213 0.876732
-0.430386 0.887683
-0.301643 0.929161
-0.274613 0.947569
-0.269719 0.947569
-0.18059 0.98928
-0.0837702 0.99161
0.087149 0.999066
0.102062 0.985202
0.0991495 1.01887
0.143656 1.00792
0.208319 0.973784
0.206222 0.959686
0.46161 0.869857
0.475242 0.874867
0.533263 0.854245
0.537574 0.849934
0.546662 0.842827
0.579518 0.820225
0.570546 0.82372
0.588372 0.808108
0.675987 0.733075
0.695328 0.7276
0.696027 0.712453
0.695444 0.715017
0.712105 0.704647
0.73331 0.666316
0.738786 0.652801
0.766049 0.625071
0.804381 0.624838
0.802284 0.600371
0.840848 0.528019
0.858092 0.48759
0.85681 0.483978
0.923919 0.421762
0.935803 0.410228
0.976698 0.227774
0.977863 0.18653
0.988116 0.17418
1.00897 -0.012701
0.990796 -0.109753
0.997786 -0.135502
0.92858 -0.341374
0.945823 -0.350695
0.875684 -0.490739
0.851218 -0.522197
0.745893 -0.667251
0.747175 -0.658862
0.742631 -0.663988
0.625189 -0.766983
0.626587 -0.785042
0.607946 -0.79343
0.571362 -0.813587
0.556332 -0.825937
0.507515 -0.852268
0.340557 -0.930212
0.108703 -0.992778
0.0471863 -0.992545
