0.318571 0.0521166
0.317737 0.0529501
0.316903 0.0537837
0.31607 0.0546173
0.3152 0.0554509
0.31433 0.0562844
0.31346 0.0570818
0.312591 0.0579153
0.311721 0.0587489
0.310851 0.0595825
0.309945 0.0603798
0.309075 0.0612134
0.308169 0.0620107
0.307263 0.0628443
0.306321 0.0636416
0.305415 0.0644752
0.304509 0.0652725
0.303566 0.0661061
0.302624 0.0669035
0.301682 0.0677008
0.300739 0.0684981
0.299797 0.0693317
0.298818 0.070129
0.297876 0.0709264
0.296898 0.0717237
0.295919 0.072521
0.294941 0.0733184
0.293962 0.0741157
0.292947 0.0748768
0.291969 0.0756741
0.290954 0.0764714
0.289939 0.0772325
0.288924 0.0780299
0.28791 0.0788272
0.286895 0.0795883
0.28588 0.0803856
0.284829 0.0811467
0.283814 0.0819078
0.282763 0.0826689
0.281712 0.0834662
0.280661 0.0842273
0.27961 0.0849884
0.278559 0.0857495
0.277472 0.0865106
0.276421 0.0872717
0.275333 0.0879965
0.274246 0.0887576
0.273159 0.0895187
0.272072 0.0902435
0.270984 0.0910046
0.269897 0.0917295
0.268774 0.0924906
0.267686 0.0932154
0.266563 0.0939403
0.265476 0.0946651
0.264352 0.09539
0.263228 0.0961148
0.262105 0.0968397
0.260945 0.0975645
0.259822 0.0982894
0.258698 0.0990142
0.257538 0.0997028
0.256415 0.100428
0.255255 0.101116
0.254095 0.101841
0.252936 0.10253
0.251776 0.103218
0.250616 0.103907
0.249456 0.104596
0.24826 0.105284
0.247101 0.105973
0.245905 0.106661
0.244745 0.10735
0.243549 0.108002
0.242353 0.108691
0.241157 0.109343
0.239961 0.109996
0.238765 0.110684
0.237569 0.111337
0.236373 0.111989
0.235141 0.112641
0.233945 0.113294
0.232712 0.11391
0.231516 0.114562
0.230284 0.115215
0.229052 0.115831
0.22782 0.116447
0.226624 0.117099
0.225391 0.117715
0.224159 0.118331
0.222927 0.118948
0.221658 0.119564
0.220426 0.12018
0.219194 0.12076
0.217925 0.121376
0.216693 0.121956
0.215425 0.122572
0.214193 0.123152
0.212924 0.123732
0.211692 0.124311
0.210423 0.124891
0.209155 0.125471
0.207886 0.126015
0.206618 0.126595
0.205349 0.127175
0.204081 0.127718
0.202812 0.128262
0.201544 0.128805
0.200275 0.129349
0.199007 0.129893
0.197738 0.130436
0.19647 0.13098
0.195165 0.131487
0.193897 0.132031
0.192628 0.132538
0.191324 0.133046
0.190055 0.133589
0.18875 0.134097
0.187482 0.134568
0.186177 0.135075
0.184909 0.135583
0.183604 0.136054
0.182299 0.136561
0.181031 0.137032
0.179726 0.137504
0.178421 0.137975
0.177153 0.138446
0.175848 0.138917
0.174543 0.139388
0.173239 0.139823
0.17197 0.140294
0.170665 0.140729
0.169361 0.141164
0.168056 0.141599
0.166751 0.142034
0.165447 0.142469
0.164178 0.142904
0.162873 0.143302
0.161569 0.143737
0.160264 0.144136
0.158959 0.144535
0.157654 0.144933
0.156386 0.145332
0.155081 0.145731
0.153776 0.146093
0.152472 0.146492
0.151167 0.146854
0.149862 0.147217
0.148594 0.147615
0.147289 0.147978
0.145984 0.148304
0.14468 0.148666
0.143375 0.149029
0.142106 0.149355
0.140802 0.149681
0.139497 0.150043
0.138228 0.15037
0.136924 0.150696
0.135619 0.150986
0.134351 0.151312
0.133046 0.151602
0.131777 0.151928
0.130473 0.152218
0.129204 0.152508
0.127899 0.152798
0.126631 0.153088
0.125326 0.153378
0.124058 0.153631
0.122789 0.153885
0.121521 0.154175
0.120216 0.154429
0.118948 0.154683
0.117679 0.154936
0.116411 0.155154
0.115142 0.155407
0.113874 0.155625
0.112605 0.155842
0.111337 0.156096
0.110068 0.156313
0.108836 0.156495
0.107567 0.156712
0.106299 0.15693
0.105067 0.157111
0.103798 0.157292
0.102566 0.157473
0.101297 0.157654
0.100065 0.157836
0.0987968 0.158017
0.0975645 0.158162
0.0963323 0.158343
0.0951 0.158488
0.0938678 0.158633
0.0926355 0.158778
0.0914033 0.158923
0.0901711 0.159068
0.0889751 0.159177
0.0877428 0.159322
0.0865106 0.15943
0.0853146 0.159539
0.0840823 0.159648
0.0828863 0.159756
0.0816903 0.159829
0.0804943 0.159938
0.0792983 0.16001
0.0781023 0.160083
0.0769063 0.160155
0.0757104 0.160228
0.0745144 0.1603
0.0733546 0.160373
0.0721586 0.160409
0.0709988 0.160481
0.0698028 0.160518
0.0686431 0.160554
0.0674833 0.16059
0.0663236 0.16059
0.0651638 0.160626
0.0640041 0.160663
0.0628443 0.160663
0.0617208 0.160663
0.060561 0.160663
0.0594375 0.160663
0.058314 0.160663
0.0571542 0.160626
0.0560307 0.160626
0.0549072 0.16059
0.0537837 0.160554
0.0526964 0.160518
0.0515729 0.160481
0.0504856 0.160409
0.0493621 0.160373
0.0482749 0.1603
0.0471876 0.160264
0.0461003 0.160191
0.045013 0.160119
0.0439258 0.160046
0.0428385 0.159938
0.0417875 0.159865
0.0407364 0.159756
0.0396492 0.159648
0.0385981 0.159539
0.0375471 0.15943
0.0364961 0.159322
0.0354813 0.159213
0.0344303 0.159068
0.0334155 0.158959
0.0323645 0.158814
0.0313497 0.158669
0.0303349 0.158524
0.0293201 0.158379
0.0283053 0.158198
0.0273268 0.158053
0.026312 0.157872
0.0253334 0.157691
0.0243549 0.157509
0.0233763 0.157328
0.0223978 0.157147
0.0214193 0.156966
0.0204769 0.156748
0.0194984 0.156531
0.0185561 0.15635
0.0176138 0.156132
0.0166715 0.155879
0.0157292 0.155661
0.0147869 0.155444
0.0138808 0.15519
0.0129385 0.154972
0.0120325 0.154719
0.0111264 0.154465
0.0102204 0.154211
0.00935054 0.153958
0.00844448 0.153668
0.00757466 0.153414
0.00670484 0.153124
0.00583502 0.152834
0.00496521 0.152544
0.00409539 0.152254
0.00322557 0.151964
0.002392 0.151674
0.00155842 0.151348
7.24848E-4 0.151058
-1.08727E-4 0.150732
-9.42302E-4 0.150406
-0.00173963 0.15008
-0.00253697 0.149754
-0.00337054 0.149427
-0.00416787 0.149065
-0.00492897 0.148739
-0.0057263 0.148376
-0.00648739 0.148014
-0.00728472 0.147651
-0.00804581 0.147289
-0.0088069 0.146927
-0.00953175 0.146564
-0.0102928 0.146166
-0.0110177 0.145803
-0.0117425 0.145404
-0.0124674 0.145006
-0.0131922 0.144607
-0.0139171 0.144208
-0.0146057 0.143774
-0.0152943 0.143375
-0.0159829 0.142976
-0.0166715 0.142541
-0.0173601 0.142106
-0.0180125 0.141671
-0.0186648 0.141237
-0.0193172 0.140802
-0.0199696 0.140367
-0.0206219 0.139896
-0.021238 0.139461
-0.0218542 0.13899
-0.0225065 0.138518
-0.0230864 0.138047
-0.0237025 0.137576
-0.0243186 0.137105
-0.0248985 0.136634
-0.0254784 0.136163
-0.0260583 0.135655
-0.0266019 0.135184
-0.0271818 0.134677
-0.0277254 0.134169
-0.0282691 0.133662
-0.0288127 0.133155
-0.0293563 0.132647
-0.0298637 0.132104
-0.0303711 0.131596
-0.0308785 0.131052
-0.0313859 0.130545
-0.0318933 0.130001
-0.0323645 0.129458
-0.0328356 0.128914
-0.0333068 0.128371
-0.0337779 0.127791
-0.0342491 0.127247
-0.034684 0.126703
-0.0351189 0.126124
-0.0355538 0.125544
-0.0359887 0.125
-0.0363874 0.12442
-0.036786 0.12384
-0.0371847 0.12326
-0.0375834 0.122644
-0.037982 0.122064
-0.0383444 0.121484
-0.0387431 0.120868
-0.0391055 0.120252
-0.0394317 0.119672
-0.0397941 0.119056
-0.0401203 0.11844
-0.0404465 0.117824
-0.0407727 0.117208
-0.0410989 0.116556
-0.0413888 0.115939
-0.041715 0.115287
-0.0420049 0.114671
-0.0422586 0.114019
-0.0425486 0.113402
-0.0428023 0.11275
-0.0430922 0.112098
-0.0433097 0.111445
-0.0435634 0.110793
-0.043817 0.110104
-0.0440345 0.109452
-0.044252 0.1088
-0.0444694 0.108111
-0.0446506 0.107459
-0.0448681 0.10677
-0.0450493 0.106081
-0.0452305 0.105393
-0.0453755 0.104704
-0.0455567 0.104016
-0.0457017 0.103327
-0.0458466 0.102638
-0.0459916 0.10195
-0.0461366 0.101261
-0.0462453 0.100536
-0.046354 0.0998478
-0.0464627 0.0991229
-0.0465715 0.0983981
-0.046644 0.0977095
-0.0467164 0.0969846
-0.0467889 0.0962598
-0.0468614 0.0955349
-0.0469339 0.0948101
-0.0469701 0.0940852
-0.0470064 0.0933242
-0.0470426 0.0925993
-0.0470789 0.0918745
-0.0470789 0.0911134
-0.0470789 0.0903885
-0.0470789 0.0896274
-0.0470789 0.0889026
-0.0470789 0.0881415
-0.0470426 0.0873804
-0.0470064 0.0866193
-0.0469701 0.0858582
-0.0469339 0.0850971
-0.0468614 0.084336
-0.0467889 0.0835749
-0.0467164 0.0828139
-0.046644 0.0820528
-0.0465352 0.0812554
-0.0464627 0.0804943
-0.046354 0.0797333
-0.0462453 0.0789359
-0.0461003 0.0781748
-0.0459916 0.0773775
-0.0458466 0.0765802
-0.0457017 0.0758191
-0.0455204 0.0750217
-0.0453755 0.0742244
-0.0451943 0.0734271
-0.045013 0.0726297
-0.0448318 0.0718324
-0.0446506 0.0710351
-0.0444332 0.0702378
-0.0442157 0.0694404
-0.0439983 0.0686431
-0.0437808 0.0678458
-0.0435271 0.0670484
-0.0432734 0.0662148
-0.043056 0.0654175
-0.042766 0.0646202
-0.0425123 0.0637866
-0.0422224 0.0629893
-0.0419687 0.0621557
-0.0416425 0.0613584
-0.0413526 0.0605248
-0.0410626 0.0596912
-0.0407364 0.0588939
-0.0404103 0.0580603
-0.0400841 0.0572267
-0.0397579 0.0563932
-0.0393955 0.0555958
-0.0390331 0.0547623
-0.0386706 0.0539287
-0.0383082 0.0530951
-0.0379095 0.0522615
-0.0375471 0.051428
-0.0371484 0.0505944
-0.0367498 0.0497608
-0.0363149 0.0489272
-0.0359162 0.0480937
-0.0354813 0.0472601
-0.0350464 0.0464265
-0.0346115 0.0455929
-0.0341766 0.0447594
-0.0337054 0.0438895
-0.0332343 0.043056
-0.0327631 0.0422224
-0.032292 0.0413888
-0.0318208 0.040519
-0.0313134 0.0396854
-0.030806 0.0388518
-0.0302986 0.0380183
-0.0297912 0.0371484
-0.0292839 0.0363149
-0.0287402 0.0354813
-0.0281966 0.0346115
-0.0276529 0.0337779
-0.0271093 0.0329081
-0.0265294 0.0320745
-0.0259496 0.0312409
-0.0254059 0.0303711
-0.0247898 0.0295375
-0.0242099 0.028704
-0.02363 0.0278342
-0.0230139 0.0270006
-0.0223978 0.0261308
-0.0217817 0.0252972
-0.0211656 0.0244636
-0.0205132 0.0235938
-0.0198971 0.0227602
-0.0192447 0.0218904
-0.0185923 0.0210568
-0.0179037 0.0202233
-0.0172514 0.0193534
-0.0165628 0.0185199
-0.0158742 0.01765
-0.0151856 0.0168165
-0.014497 0.0159829
-0.0138084 0.0151131
-0.0130835 0.0142795
-0.0123587 0.0134459
-0.0116338 0.0125761
-0.010909 0.0117425
-0.0101841 0.010909
-0.00942302 0.0100754
-0.00869817 0.00920557
-0.00793708 0.00837199
-0.00717599 0.00753842
-0.00637866 0.00670484
-0.00561757 0.00587127
-0.00482024 0.00500145
-0.00402291 0.00416788
-0.00322557 0.0033343
-0.00242824 0.00250073
-0.00163091 0.00166715
-7.97333E-4 8.33575E-4
-1.4265E-10 2.82111E-10
8.33575E-4 -8.33575E-4
0.00166715 -0.00166715
0.00250072 -0.00250072
0.00329806 -0.0033343
0.00413163 -0.00416787
0.00492896 -0.00500145
0.0057263 -0.00583502
0.00648739 -0.0066686
0.00728472 -0.00750217
0.00808205 -0.00837199
0.00884314 -0.00920557
0.00960423 -0.0100391
0.0103653 -0.0108727
0.0111264 -0.0117063
0.0118513 -0.0125761
0.0125761 -0.0134097
0.0133372 -0.0142433
0.014062 -0.0151131
0.0147507 -0.0159467
0.0154755 -0.0167802
0.0161641 -0.01765
0.016889 -0.0184836
0.0175776 -0.0193172
0.0182299 -0.020187
0.0189185 -0.0210206
0.0196071 -0.0218542
0.0202595 -0.022724
0.0209119 -0.0235576
0.0215642 -0.0244274
0.0221803 -0.0252609
0.0228327 -0.0260945
0.0234488 -0.0269643
0.0240649 -0.0277979
0.0246811 -0.0286677
0.0252972 -0.0295013
0.0258771 -0.0303349
0.0264932 -0.0312047
0.0270731 -0.0320383
0.0276529 -0.0329081
0.0281966 -0.0337417
0.0287765 -0.0345752
0.0293201 -0.0354451
0.0298637 -0.0362786
0.0304074 -0.0371122
0.030951 -0.037982
0.0314584 -0.0388156
0.0319658 -0.0396492
0.0325094 -0.040519
0.0329806 -0.0413526
0.033488 -0.0421861
0.0339591 -0.043056
0.0344665 -0.0438895
0.0349377 -0.0447231
0.0353726 -0.0455567
0.0358437 -0.0463903
0.0362786 -0.0472601
0.0367498 -0.0480937
0.0371484 -0.0489272
0.0375834 -0.0497608
0.0380183 -0.0505944
0.0384169 -0.0514279
0.0388156 -0.0522615
0.0392143 -0.0530951
0.0396129 -0.0539287
0.0399754 -0.0547622
0.0403378 -0.0555958
0.0407002 -0.0564294
0.0410626 -0.057263
0.0414251 -0.0580603
0.0417512 -0.0588939
0.0420774 -0.0597275
0.0424036 -0.060561
0.0427298 -0.0613584
0.0430197 -0.0621919
0.0433459 -0.0629893
0.0436358 -0.0638228
0.0439258 -0.0646202
0.0441795 -0.0654538
0.0444694 -0.0662511
0.0447231 -0.0670847
0.0449768 -0.067882
0.0451943 -0.0686793
0.045448 -0.0695129
0.0456654 -0.0703102
0.0458829 -0.0711076
0.0461003 -0.0719049
0.0463178 -0.0727022
0.046499 -0.0734996
0.0466802 -0.0742969
0.0468614 -0.0750942
0.0470426 -0.0758916
0.0472238 -0.0766889
0.0473688 -0.0774862
0.0475138 -0.0782473
0.0476587 -0.0790447
0.0477675 -0.079842
0.0479124 -0.0806031
0.0480212 -0.0814004
0.0481299 -0.0821615
0.0482386 -0.0829226
0.0483111 -0.0837199
0.0483836 -0.084481
0.0484561 -0.0852421
0.0485286 -0.0860032
0.048601 -0.0867643
0.0486373 -0.0875254
0.0486735 -0.0882865
0.0487098 -0.0890475
0.048746 -0.0898086
0.048746 -0.0905335
0.0487823 -0.0912946
0.0487823 -0.0920557
0.048746 -0.0927805
0.048746 -0.0935416
0.0487098 -0.0942665
0.0486735 -0.0949913
0.0486373 -0.0957161
0.048601 -0.0964772
0.0485286 -0.0972021
0.0484923 -0.0979269
0.0484198 -0.0986518
0.0483111 -0.0993404
0.0482386 -0.100065
0.0481299 -0.10079
0.0480212 -0.101479
0.0479124 -0.102204
0.0478037 -0.102892
0.0476587 -0.103617
0.04755 -0.104306
0.0473688 -0.104994
0.0472238 -0.105683
0.0470789 -0.106371
0.0468977 -0.10706
0.0467164 -0.107749
0.0465352 -0.108437
0.046354 -0.109126
0.0461366 -0.109778
0.0459191 -0.110467
0.0457017 -0.111119
0.0454842 -0.111772
0.0452305 -0.112424
0.045013 -0.113112
0.0447594 -0.113765
0.0445057 -0.114417
0.0442157 -0.115033
0.043962 -0.115686
0.0436721 -0.116338
0.0433821 -0.116954
0.0430922 -0.117607
0.042766 -0.118223
0.0424398 -0.118839
0.0421499 -0.119491
0.0417875 -0.120107
0.0414613 -0.120723
0.0411351 -0.121303
0.0407727 -0.121919
0.0404103 -0.122536
0.0400478 -0.123115
0.0396492 -0.123732
0.0392867 -0.124311
0.0388881 -0.124891
0.0384894 -0.125471
0.0380545 -0.126087
0.0376558 -0.126631
0.0372209 -0.127211
0.036786 -0.127791
0.0363511 -0.128334
0.0359162 -0.128914
0.0354451 -0.129458
0.0349739 -0.130038
0.0345028 -0.130581
0.0340316 -0.131125
0.0335605 -0.131669
0.0330531 -0.132176
0.0325457 -0.13272
0.0320383 -0.133263
0.0315309 -0.133771
0.0310235 -0.134278
0.0304798 -0.134822
0.0299362 -0.135329
0.0293926 -0.135836
0.0288489 -0.136344
0.0283053 -0.136815
0.0277254 -0.137322
0.0271455 -0.13783
0.0265657 -0.138301
0.0259858 -0.138772
0.0253697 -0.139243
0.0247898 -0.139714
0.0241737 -0.140186
0.0235576 -0.140657
0.0229052 -0.141128
0.0222891 -0.141563
0.0216367 -0.142034
0.0209843 -0.142469
0.020332 -0.142904
0.0196796 -0.143339
0.0190273 -0.143774
0.0183386 -0.144208
0.01765 -0.144607
0.0169614 -0.145042
0.0162728 -0.145441
0.0155842 -0.145876
0.0148594 -0.146274
0.0141345 -0.146673
0.0134097 -0.147072
0.0126848 -0.147434
0.01196 -0.147833
0.0111989 -0.148195
0.0104741 -0.148594
0.00971296 -0.148956
0.00895187 -0.149319
0.00819078 -0.149681
0.00739345 -0.150043
0.00663236 -0.150406
0.00583502 -0.150732
0.00503769 -0.151095
0.00424036 -0.151421
0.00340678 -0.151747
0.00260945 -0.152073
0.00177588 -0.152399
9.42302E-4 -0.152725
1.08727E-4 -0.153015
-7.24848E-4 -0.153342
-0.00155842 -0.153631
-0.00242824 -0.153921
-0.00326182 -0.154211
-0.00413163 -0.154501
-0.00500145 -0.154791
-0.00590751 -0.155081
-0.00677733 -0.155335
-0.00764714 -0.155589
-0.0085532 -0.155879
-0.00945926 -0.156132
-0.0103653 -0.156386
-0.0112714 -0.15664
-0.0121774 -0.156857
-0.0131197 -0.157111
-0.014062 -0.157328
-0.0149681 -0.157546
-0.0159104 -0.157763
-0.016889 -0.157981
-0.0178313 -0.158198
-0.0187736 -0.158415
-0.0197521 -0.158597
-0.0207306 -0.158814
-0.0216729 -0.158995
-0.0226877 -0.159177
-0.0236663 -0.159358
-0.0246448 -0.159539
-0.0256234 -0.15972
-0.0266382 -0.159865
-0.0276529 -0.16001
-0.0286677 -0.160191
-0.0296825 -0.160336
-0.0306973 -0.160481
-0.0317121 -0.16059
-0.0327631 -0.160735
-0.0337779 -0.16088
-0.0348289 -0.160989
-0.03588 -0.161097
-0.036931 -0.161206
-0.037982 -0.161315
-0.0390331 -0.161424
-0.0401203 -0.161532
-0.0411714 -0.161605
-0.0422586 -0.161677
-0.0433459 -0.161786
-0.0444332 -0.161859
-0.0455204 -0.161931
-0.0466077 -0.161967
-0.047695 -0.16204
-0.0487823 -0.162076
-0.0499058 -0.162148
-0.050993 -0.162185
-0.0521166 -0.162221
-0.0532401 -0.162257
-0.0543636 -0.162257
-0.0554871 -0.162293
-0.0566106 -0.162293
-0.0577704 -0.16233
-0.0588939 -0.16233
-0.0600536 -0.16233
-0.0611772 -0.16233
-0.0623369 -0.162293
-0.0634967 -0.162293
-0.0646564 -0.162257
-0.0658162 -0.162257
-0.0669759 -0.162221
-0.0681357 -0.162185
-0.0692954 -0.162112
-0.0704914 -0.162076
-0.0716512 -0.16204
-0.0728472 -0.161967
-0.0740432 -0.161895
-0.0752392 -0.161822
-0.076399 -0.16175
-0.077595 -0.161677
-0.078791 -0.161605
-0.0800232 -0.161496
-0.0812192 -0.161387
-0.0824152 -0.161315
-0.0836474 -0.161206
-0.0848434 -0.161097
-0.0860757 -0.160952
-0.0872717 -0.160844
-0.0885039 -0.160699
-0.0897362 -0.16059
-0.0909684 -0.160445
-0.0922006 -0.1603
-0.0934329 -0.160155
-0.0946651 -0.16001
-0.0958974 -0.159829
-0.0971296 -0.159684
-0.0983618 -0.159503
-0.0996303 -0.159322
-0.100863 -0.15914
-0.102131 -0.158959
-0.103363 -0.158778
-0.104632 -0.15856
-0.1059 -0.158379
-0.107133 -0.158162
-0.108401 -0.157944
-0.109669 -0.157727
-0.110938 -0.157509
-0.112206 -0.157292
-0.113475 -0.157075
-0.114743 -0.156821
-0.116012 -0.156567
-0.11728 -0.15635
-0.118549 -0.156096
-0.119817 -0.155842
-0.121122 -0.155552
-0.122391 -0.155299
-0.123659 -0.155009
-0.124964 -0.154755
-0.126232 -0.154465
-0.127501 -0.154175
-0.128805 -0.153885
-0.130074 -0.153595
-0.131379 -0.153269
-0.132683 -0.152979
-0.133952 -0.152653
-0.135257 -0.152327
-0.136525 -0.152037
-0.13783 -0.151674
-0.139135 -0.151348
-0.140403 -0.151022
-0.141708 -0.150696
-0.143012 -0.150333
-0.144317 -0.149971
-0.145622 -0.149609
-0.14689 -0.149246
-0.148195 -0.148884
-0.1495 -0.148521
-0.150805 -0.148159
-0.152109 -0.14776
-0.153378 -0.147398
-0.154683 -0.146999
-0.155987 -0.1466
-0.157292 -0.146202
-0.158597 -0.145803
-0.159901 -0.145368
-0.161206 -0.14497
-0.162475 -0.144535
-0.163779 -0.144136
-0.165084 -0.143701
-0.166389 -0.143266
-0.167694 -0.142831
-0.168998 -0.142396
-0.170267 -0.141961
-0.171571 -0.14149
-0.172876 -0.141055
-0.174181 -0.140584
-0.175449 -0.140113
-0.176754 -0.139642
-0.178059 -0.139171
-0.179327 -0.1387
-0.180632 -0.138228
-0.181937 -0.137721
-0.183205 -0.13725
-0.18451 -0.136743
-0.185778 -0.136235
-0.187083 -0.135728
-0.188352 -0.13522
-0.189656 -0.134713
-0.190925 -0.134206
-0.19223 -0.133698
-0.193498 -0.133155
-0.194767 -0.132647
-0.196071 -0.132104
-0.19734 -0.13156
-0.198608 -0.131016
-0.199877 -0.130473
-0.201145 -0.129929
-0.202414 -0.129385
-0.203682 -0.128805
-0.204951 -0.128262
-0.206219 -0.127682
-0.207488 -0.127138
-0.208756 -0.126558
-0.209988 -0.125979
-0.211257 -0.125399
-0.212525 -0.124819
-0.213758 -0.124203
-0.215026 -0.123623
-0.216258 -0.123043
-0.217527 -0.122427
-0.218759 -0.121811
-0.219991 -0.121231
-0.221224 -0.120615
-0.222456 -0.119999
-0.223688 -0.119382
-0.22492 -0.118766
-0.226153 -0.118114
-0.227385 -0.117498
-0.228617 -0.116845
-0.229813 -0.116229
-0.231045 -0.115577
-0.232277 -0.114925
-0.233473 -0.114308
-0.234669 -0.113656
-0.235902 -0.113004
-0.237098 -0.112315
-0.238294 -0.111663
-0.23949 -0.11101
-0.240686 -0.110322
-0.241882 -0.109669
-0.243041 -0.108981
-0.244237 -0.108329
-0.245397 -0.10764
-0.246593 -0.106951
-0.247753 -0.106263
-0.248949 -0.105574
-0.250109 -0.104885
-0.251268 -0.104197
-0.252428 -0.103508
-0.253588 -0.102783
-0.254712 -0.102095
-0.255871 -0.10137
-0.256995 -0.100681
-0.258155 -0.0999565
-0.259278 -0.0992317
-0.260402 -0.0985068
-0.261525 -0.097782
-0.262649 -0.0970571
-0.263772 -0.0963323
-0.264896 -0.0956074
-0.266019 -0.0948826
-0.267106 -0.0941577
-0.26823 -0.0933966
-0.269317 -0.0926718
-0.270404 -0.0919107
-0.271492 -0.0911859
-0.272579 -0.0904248
-0.273666 -0.0896637
-0.274717 -0.0889026
-0.275805 -0.0881777
-0.276856 -0.0874166
-0.277943 -0.0866556
-0.278994 -0.0858945
-0.280045 -0.0851334
-0.281096 -0.084336
-0.282147 -0.0835749
-0.283162 -0.0828139
-0.284213 -0.0820165
-0.285228 -0.0812554
-0.286242 -0.0804581
-0.287257 -0.079697
-0.288272 -0.0788997
-0.289287 -0.0781386
-0.290302 -0.0773413
-0.29128 -0.0765439
-0.292259 -0.0757466
-0.293273 -0.0749855
-0.294252 -0.0741882
-0.295231 -0.0733908
-0.296173 -0.0725935
-0.297151 -0.0717599
-0.298094 -0.0709626
-0.299072 -0.0701653
-0.300014 -0.0693679
-0.300957 -0.0685706
-0.301899 -0.067737
-0.302805 -0.0669397
-0.303747 -0.0661424
-0.304654 -0.0653088
-0.30556 -0.0645115
-0.306466 -0.0636779
-0.307372 -0.0628805
-0.308278 -0.062047
-0.309184 -0.0612134
-0.310054 -0.0604161
-0.310923 -0.0595825
-0.311793 -0.0587489
-0.312663 -0.0579516
-0.313533 -0.057118
-0.314366 -0.0562844
-0.315236 -0.0554509
-0.31607 -0.0546173
