0.295677 0.102703
0.282217 0.106679
0.270733 0.110063
0.260203 0.113152
0.258559 0.113631
0.257359 0.113982
0.256184 0.114324
0.240468 0.11885
0.226502 0.122788
0.196706 0.130453
0.164995 0.137229
0.158281 0.138468
0.132364 0.141949
0.132132 0.141967
0.127813 0.142287
0.0923847 0.141844
0.0911866 0.141741
0.0866748 0.141353
0.0839501 0.141118
0.0832455 0.141058
0.0762594 0.140457
0.0653802 0.137866
0.0473703 0.130827
0.0347456 0.123679
0.0299174 0.120151
0.0254077 0.11639
0.0243574 0.115438
0.0222253 0.113243
0.018841 0.109502
0.0184253 0.109005
0.00994962 0.0958908
0.00871376 0.0937725
0.00304327 0.0782538
0.00301247 0.0781034
0.000806031 0.0670484
0.000657074 0.0657234
-4.71165e-06 0.0588214
-0.000363874 0.0477892
-0.000333068 0.0469759
0.00029465 0.032766
0.000706002 0.0281727
0.000728109 0.027961
0.000839374 0.0269078
0.00124674 0.0232825
0.0019763 0.0173898
0.00207089 0.0166918
0.00245252 0.0139236
0.00291026 0.0107354
0.00343977 0.0071923
0.00782727 -0.0207749
0.00844665 -0.0249065
0.0105273 -0.0419861
0.0106132 -0.0427095
0.010943 -0.0456194
0.0117324 -0.0629048
0.0118494 -0.0660735
0.00996013 -0.087089
0.00971622 -0.0894212
0.00903813 -0.0925902
0.0090316 -0.0926185
0.00876776 -0.0937681
0.00666171 -0.101063
0.00633734 -0.102081
0.0037674 -0.108524
0.0037674 -0.108524
-0.00633988 -0.124707
-0.010747 -0.129522
-0.0125841 -0.131324
-0.0190646 -0.13679
-0.0224975 -0.139229
-0.0232763 -0.139586
-0.0250594 -0.140403
-0.030552 -0.14292
-0.0616327 -0.153929
-0.0665805 -0.15484
-0.0879918 -0.156552
-0.113942 -0.155835
-0.12126 -0.155055
-0.121406 -0.155033
-0.133876 -0.152938
-0.137412 -0.152256
-0.144105 -0.15094
-0.158667 -0.147223
-0.161803 -0.146286
-0.167062 -0.144709
-0.173125 -0.14265
-0.180983 -0.139978
-0.193912 -0.134965
-0.207974 -0.128965
-0.216328 -0.125011
-0.253003 -0.10738
-0.261275 -0.103139
-0.27291 -0.0971441
-0.296284 -0.0850783
-0.304074 -0.081096
-0.305253 -0.0804976
-0.316874 -0.07461
-0.320375 -0.0728516
-0.33274 -0.0666585
-0.356859 -0.0546619
