1.0146347548046806
0.9920575448473867
0.961655430044075
0.9929763913586593
1.0080326883329764
0.9966863903350259
0.9915988455349367
1.0146347548046806
0.9744585102454408
0.8940693206300604
0.8673294634483408
0.930559345633787
0.8904358170344472
0.8143156331698902
0.8118783333846642
0.8309486639677353
0.8561903367130796
0.8012485985731832
0.8121457197835587
0.8656285543131346
0.8245473364466674
0.7384181684443709
0.7092616905958751
0.7593836899441182
0.7238393183230847
0.7764374135910872
0.7971732885272891
0.7302235098362229
0.724874559301816
0.7530529175904593
0.6802112663888007
0.6961641762187464
0.6589413223964338
0.5819645632897844
0.5902449419021603
0.6101794791402624
0.6590353593967707
0.6541973806724528
0.6153533041964928
0.5203290532367264
0.6095976383693834
0.5759658316623041
0.5739886398983384
0.6438761695639457
0.5517995466815729
0.5471408434547488
0.5524031645363677
0.6327509529355274
0.6107029454234011
0.4742593343721624
0.5061324918012182
0.5699679557928596
0.502466449127429
0.5046215611983776
0.49878638093974975
0.4388650092719393
0.46866690912155806
0.3985164147717427
0.44350946212629555
0.433449238239974
0.42291778467204727
0.3848240001138301
0.4437607131845364
0.4218278913681052
0.41522280758859437
0.36662708842386194
0.3580271376429481
0.34754145042619455
0.35004604191342975
0.2866004122793956
0.4108381996304641
0.331792370449553
0.3387642541173515
0.29478945558816505
0.33905872948965843
0.21784185953579369
0.17933417826600678
0.2640251931245535
0.23163620845418859
0.2324190111699111
0.20831858472306394
0.1927116204547595
0.12678722393237418
0.1576328068229288
0.17104860456019863
0.21445539766176597
0.14012155707884635
0.2396857776915184
0.1901744319386095
0.18434469194749348
0.0299362398765611
0.0793912282371782
0.06572360516270778
0.031340515534578374
0.037123259172506425
0.01675903196249373
0.0873150348679803
0.013754265929516805
0.0
0.0
