-0.32766787001265923 -0.05788241322531716
-0.29469891885961674 -0.07494654612029253
-0.2128066404207838 -0.1279647794172378
-0.16864778453965312 -0.15069355207673604
-0.1320336068354619 -0.1599080090579933
-0.08273991862886672 -0.16511585687494748
-0.025028702000097568 -0.16380043304460146
-0.007312787004041905 -0.15987001967434397
0.010160630417394293 -0.15234363822429056
0.0471300832195917 -0.12071043646626446
0.054632264514754114 -0.10409959512381388
0.055322195321423344 -0.08501975363331765
0.048487055088009545 -0.06168983973194267
0.033606275068077084 -0.036472735933772926
-0.008784361099035937 0.008952216622887562
-0.032075192471410885 0.03466317153971528
-0.04518458794168217 0.06141885355408479
-0.04504038546962329 0.0876088260272629
-0.016978033752004025 0.12937776031824016
0.008498274035075058 0.14355725050892917
0.07050885614193493 0.15367410065805953
0.08547294018022687 0.15354967090300936
0.10273715451444076 0.15101951348746978
0.15786535433274249 0.13708092276787082
0.24772294274194193 0.10579039421955024
0.27485574143122105 0.09566620422184256

