-0.32766787001265923 -0.05788241322531716
-0.32766787001265923 -0.05788241322531716
-0.3154527862165675 -0.06420471969640226
-0.31278427093057926 -0.06558589495008256
-0.3010816690110226 -0.07164295006977144
-0.29983453994405573 -0.072288441521323
-0.29469891885961674 -0.07494654612029253
-0.2706908152735539 -0.09048973604257368
-0.25921774740718717 -0.09791756440889583
-0.2525662345040424 -0.10222384907454929
-0.21943193591369328 -0.12367546827825612
-0.20796817559498926 -0.13045516022199627
-0.19239828915771778 -0.13846905465167883
-0.18046981744453908 -0.1446086956440521
-0.17310281374392256 -0.14840052740581078
-0.16864778453965312 -0.15069355207673604
-0.16299432594404786 -0.1521163220060621
-0.1605338576817998 -0.15273553238788198
-0.14539882139743565 -0.15654447060516924
-0.13944757521650866 -0.1580421828400871
-0.1361635141744061 -0.15886866157301827
-0.12255071672152615 -0.16090987056146402
-0.12177224651117409 -0.16099211546001077
-0.11454569868624268 -0.1617555957895096
-0.0903409923516296 -0.16431280811487717
-0.06781195354557322 -0.16477560064476868
-0.05962503663669551 -0.16458899453545245
-0.02268802079575953 -0.16328113473553366
-0.015881633278517465 -0.1617710847885296
-0.015594148060216645 -0.16170730395948338
-0.007312787004041905 -0.15987001967434397
-0.005012508492851779 -0.15887921329119542
0.0023175264034292504 -0.15572192371577823
0.010206382331820066 -0.15230449024047835
0.02403264801674483 -0.14047393774863023
0.03443633443089744 -0.13157194200833722
0.04379859732867725 -0.12356104845409054
0.0471300832195917 -0.12071043646626446
0.049848801817403185 -0.11469082676793091
0.05029741281068825 -0.11369754151651443
0.054632264514754114 -0.10409959512381388
0.05482797194861341 -0.09868736134551068
0.05499580658276646 -0.09404594196649342
0.05500488593630126 -0.09379485501022816
0.050788403086908226 -0.06954487252394617
0.049216041599232124 -0.06417803923645997
0.03733969332676412 -0.04279942012809519
0.035469420195281785 -0.03963003844082177
0.03437415565232496 -0.037773993285312335
0.033606275068077084 -0.036472735933772926
0.023920433137513297 -0.026093582659623388
0.005627639977216117 -0.006491393672425325
0.0024491616350195283 -0.003085400251438032
0.0020373332387865553 -0.0026440932305520914
-0.009927970720683323 0.010214657407182678
-0.012627319512358655 0.013194492432302304
-0.01395473794637559 0.014659841391603767
-0.017982079698531463 0.019105659600873598
-0.023541240631237977 0.025242466562849918
-0.03499733340480447 0.040627128748295376
-0.035253338220699995 0.041149622974957535
-0.035483658775995595 0.04161969678979033
-0.03752977568828257 0.04579572867421414
-0.04518458794168217 0.06141885355408479
-0.04512333322198823 0.07254390154897222
-0.045066505304432125 0.08286495621088338
-0.04504038546962329 0.0876088260272629
-0.044987943496872504 0.08768688239744735
-0.03317869465364688 0.10526415973763519
-0.024282174564742392 0.11850603507121597
-0.016978033752004025 0.12937776031824016
-0.0042404139093861655 0.1364672081738956
-0.003335842446913864 0.136970670539247
0.0013379563178241537 0.13957199268889808
0.008498274035075058 0.14355725050892917
0.022942060456340653 0.14591371319392987
0.029190225207585466 0.1469330835069918
0.04602142194251162 0.14967904539627624
0.06648672311350065 0.15301790109104987
0.07050885614193493 0.15367410065805953
0.08113822348659765 0.15358571505613092
0.08140560064202262 0.15358349175439923
0.08357543901508414 0.15356544905585734
0.09371899126979696 0.15234117065450128
0.10005266167410473 0.1514129394109118
0.1245783426815342 0.14549719671140493
0.13372861242266224 0.14318364638115866
0.13537762901157785 0.1427667097244479
0.15777903751963396 0.1371027470743801
0.16121268233424346 0.13591530432377694
0.1956731419601599 0.12391536069294393
0.22503967051790652 0.11368924382881532
0.2371306468414765 0.10947888111457402
0.253273341272831 0.10371934766319472
0.25370309778896205 0.10355899057390623
0.25456396734953424 0.10323777022748028
0.25803987453242666 0.10194078847720088
0.2686702490855051 0.09797422634866206
0.27485574143122105 0.09566620422184256
0.27485574143122105 0.09566620422184256
