0.284503 0.0648739
0.256524 0.111119
0.220245 0.0999203
0.247173 0.08343
0.261634 0.0791171
0.252972 0.0883589
0.264243 0.133118
0.286387 0.120796
0.240794 0.119999
0.168745 0.157546
0.131197 0.126232
0.193716 0.118295
0.158705 0.140765
0.0837562 0.175304
0.0812917 0.172043
0.0939403 0.109706
0.129494 0.164939
0.0707089 0.195419
0.0814729 0.161677
0.131596 0.134749
0.0923094 0.142723
-0.00612496 0.179617
-0.0484561 0.166896
0.0360974 0.104596
-0.0153668 0.156458
0.0499058 0.12587
0.0737895 0.108256
0.00866193 0.126413
0.00750217 0.117498
0.0263482 0.125036
-0.0742607 0.132865
0.004784 0.098978
-0.0961511 0.105393
-0.00938678 0.0268919
-0.0246811 0.0242099
-0.0252972 0.0460278
-0.0455567 0.088069
-0.11478 0.0832488
-0.0362424 0.0464265
0.0282691 -0.0220354
-0.0772325 0.0199333
-0.0141345 0.014497
-0.0097492 0.0158017
-0.060706 0.0726297
0.0199696 0.0132647
0.032002 0.0181212
0.0144245 0.00891563
-0.0570093 0.0613584
-0.0647289 0.0272905
0.0595825 -0.0611409
0.073717 -0.0104378
0.00500145 0.0237388
0.0351914 -0.0397941
0.0229052 -0.0445419
0.0458104 -0.0378008
0.0558495 -0.0987243
0.0699478 -0.0639316
-8.33575E-4 -0.0903523
0.00797333 -0.0923456
0.0574804 -0.104958
0.0871992 -0.130364
0.0479124 -0.168382
0.0840823 -0.0948463
0.0452305 -0.112605
0.106988 -0.163816
0.0252972 -0.169941
-0.00757466 -0.132756
2.53697E-4 -0.186431
-0.00753842 -0.153015
-0.0682444 -0.145803
0.0517904 -0.132901
-0.0240649 -0.157075
-0.0184836 -0.150043
-0.0596187 -0.164867
-0.0158742 -0.160445
-0.13127 -0.139424
-0.178929 -0.15972
-0.0884314 -0.146238
-0.123949 -0.174145
-0.12047 -0.148666
-0.145368 -0.156422
-0.165265 -0.171535
-0.205531 -0.102204
-0.204045 -0.161097
-0.188714 -0.160626
-0.13551 -0.142396
-0.216838 -0.147688
-0.114055 -0.157111
-0.160083 -0.140548
-0.178856 -0.184039
-0.28501 -0.0405915
-0.256197 -0.0932517
-0.264642 -0.0811467
-0.288381 -0.0501595
-0.278849 -0.0511018
-0.295702 -0.0325819
-0.242534 -0.086728
-0.333901 -0.0998478
-0.338504 -0.0782473
-0.369455 -0.079987
