0.00315739 1
-1.2953e-07 1
-0.00315765 1
-0.00631516 1
-0.00947268 0.999856
-0.0126302 0.999856
-0.0156442 0.999856
-0.0188017 0.999712
-0.0219592 0.999712
-0.0251167 0.999569
-0.0282743 0.999569
-0.0314318 0.999425
-0.0345893 0.999282
-0.0377468 0.999138
-0.0407608 0.998995
-0.0439183 0.998851
-0.0470758 0.998708
-0.0502334 0.998564
-0.0533909 0.998421
-0.0565484 0.998277
-0.0597059 0.99799
-0.0627199 0.997847
-0.0658774 0.99756
-0.0690349 0.997416
-0.0721925 0.997129
-0.07535 0.996986
-0.0785075 0.996698
-0.0815215 0.996411
-0.084679 0.996124
-0.0878365 0.995837
-0.090994 0.99555
-0.0941515 0.995263
-0.0971655 0.994976
-0.100323 0.994689
-0.103481 0.994259
-0.106638 0.993972
-0.109652 0.993684
-0.11281 0.993254
-0.115967 0.992823
-0.119125 0.992536
-0.122139 0.992106
-0.125296 0.991675
-0.128454 0.991245
-0.131468 0.990958
-0.134625 0.990527
-0.137783 0.990096
-0.14094 0.989522
-0.143954 0.989092
-0.147112 0.988661
-0.150126 0.988231
-0.153283 0.987656
-0.156441 0.987226
-0.159455 0.986652
-0.162612 0.986221
-0.165626 0.985647
-0.168784 0.985073
-0.171941 0.984499
-0.174955 0.984068
-0.178113 0.983494
-0.181127 0.98292
-0.184284 0.982346
-0.187298 0.981629
-0.190456 0.981054
-0.19347 0.98048
-0.196627 0.979906
-0.199641 0.979189
-0.202655 0.978615
-0.205813 0.977897
-0.208827 0.977323
-0.211984 0.976605
-0.214998 0.975888
-0.218012 0.97517
-0.22117 0.974596
-0.224184 0.973878
-0.227198 0.973161
-0.230355 0.972443
-0.233369 0.971582
-0.236383 0.970864
-0.239397 0.970147
-0.242555 0.969429
-0.245569 0.968568
-0.248583 0.96785
-0.251597 0.966989
-0.254611 0.966271
-0.257768 0.96541
-0.260782 0.964549
-0.263796 0.963688
-0.26681 0.962827
-0.269824 0.961966
-0.272838 0.961105
-0.275852 0.960244
-0.278866 0.959382
-0.28188 0.958521
-0.284894 0.95766
-0.287908 0.956655
-0.290922 0.955794
-0.293936 0.954933
-0.29695 0.953928
-0.299964 0.952924
-0.302835 0.952063
-0.305849 0.951058
-0.308863 0.950053
-0.311877 0.949049
-0.314891 0.948044
-0.317761 0.947039
-0.320775 0.946035
-0.323789 0.94503
-0.32666 0.944025
-0.329674 0.943021
-0.332688 0.942016
-0.335558 0.940868
-0.338572 0.939863
-0.341443 0.938715
-0.344457 0.93771
-0.347327 0.936562
-0.350341 0.935414
-0.353211 0.934266
-0.356225 0.933261
-0.359096 0.932113
-0.36211 0.930965
-0.36498 0.929817
-0.367851 0.928668
-0.370865 0.92752
-0.373735 0.926228
-0.376606 0.92508
-0.379476 0.923932
-0.38249 0.92264
-0.385361 0.921492
-0.388231 0.9202
-0.391102 0.919052
-0.393972 0.917761
-0.396843 0.916469
-0.399713 0.915177
-0.402584 0.914029
-0.405454 0.912737
-0.408324 0.911446
-0.411195 0.910154
-0.414065 0.908862
-0.416936 0.907427
-0.419806 0.906135
-0.422677 0.904843
-0.425547 0.903552
-0.428274 0.902116
-0.431145 0.900825
-0.434015 0.89939
-0.436742 0.898098
-0.439613 0.896663
-0.442483 0.895227
-0.44521 0.893792
-0.448081 0.8925
-0.450807 0.891065
-0.453678 0.88963
-0.456405 0.888195
-0.459275 0.886759
-0.462002 0.885181
-0.464729 0.883745
-0.4676 0.88231
-0.470327 0.880875
-0.473054 0.879296
-0.475924 0.877861
-0.478651 0.876282
-0.481378 0.874847
-0.484105 0.873268
-0.486832 0.87169
-0.489559 0.870254
-0.492286 0.868676
-0.495013 0.867097
-0.49774 0.865518
-0.500467 0.863939
-0.503194 0.86236
-0.50592 0.860782
-0.508647 0.859203
-0.511231 0.857481
-0.513958 0.855902
-0.516685 0.854323
-0.519412 0.852601
-0.521995 0.851022
-0.524722 0.8493
-0.527305 0.847721
-0.530032 0.845999
-0.532616 0.844277
-0.535343 0.842698
-0.537926 0.840975
-0.540653 0.839253
-0.543237 0.837531
-0.54582 0.835809
-0.548547 0.834086
-0.55113 0.832364
-0.553714 0.830642
-0.556297 0.828919
-0.558881 0.827054
-0.561464 0.825331
-0.564191 0.823609
-0.566774 0.821743
-0.569358 0.820021
-0.571798 0.818155
-0.574381 0.816289
-0.576965 0.814567
-0.579548 0.812701
-0.582131 0.810836
-0.584571 0.80897
-0.587155 0.807104
-0.589738 0.805382
-0.592178 0.803516
-0.594762 0.801507
-0.597345 0.799641
-0.599785 0.797775
-0.602225 0.795909
-0.604808 0.794043
-0.607248 0.792034
-0.609831 0.790168
-0.612271 0.788302
-0.614711 0.786293
-0.617151 0.784284
-0.619591 0.782418
-0.622031 0.780409
-0.624614 0.778399
-0.627054 0.776533
-0.629494 0.774524
-0.631791 0.772515
-0.63423 0.770505
-0.63667 0.768496
-0.63911 0.766487
-0.64155 0.764477
-0.643847 0.762468
-0.646286 0.760459
-0.648726 0.758306
-0.651023 0.756297
-0.653463 0.754287
-0.655759 0.752134
-0.658199 0.750125
-0.660495 0.747972
-0.662935 0.745963
-0.665232 0.74381
-0.667528 0.741801
-0.669824 0.739648
-0.672121 0.737495
-0.674561 0.735342
-0.676857 0.733333
-0.679153 0.73118
-0.68145 0.729027
-0.683746 0.726874
-0.685899 0.724721
-0.688195 0.722425
-0.690492 0.720272
-0.692788 0.718119
-0.695084 0.715967
-0.697237 0.713814
-0.699534 0.711517
-0.701687 0.709364
-0.703983 0.707068
-0.706136 0.704915
-0.708432 0.702619
-0.710585 0.700466
-0.712738 0.69817
-0.715034 0.695873
-0.717187 0.69372
-0.71934 0.691424
-0.721493 0.689128
-0.723646 0.686831
-0.725798 0.684535
-0.727951 0.682238
-0.730104 0.679942
-0.732257 0.677646
-0.73441 0.675349
-0.736419 0.673053
-0.738572 0.670757
-0.740725 0.668317
-0.742734 0.66602
-0.744887 0.663724
-0.746896 0.661284
-0.749049 0.658988
-0.751059 0.656548
-0.753211 0.654251
-0.755221 0.651811
-0.75723 0.649515
-0.759239 0.647075
-0.761392 0.644635
-0.763402 0.642195
-0.765411 0.639899
-0.76742 0.637459
-0.76943 0.635019
-0.771295 0.632579
-0.773305 0.630139
-0.775314 0.6277
-0.777323 0.62526
-0.779189 0.62282
-0.781199 0.62038
-0.783208 0.61794
-0.785074 0.615357
-0.786939 0.612917
-0.788949 0.610477
-0.790815 0.607893
-0.79268 0.605453
-0.79469 0.60287
-0.796556 0.60043
-0.798421 0.597847
-0.800287 0.595407
-0.802153 0.592823
-0.804019 0.590383
-0.805885 0.5878
-0.80775 0.585217
-0.809616 0.582633
-0.811338 0.580193
-0.813204 0.57761
-0.81507 0.575026
-0.816792 0.572443
-0.818658 0.56986
-0.82038 0.567276
-0.822103 0.564693
-0.823969 0.562109
-0.825691 0.559526
-0.827413 0.556942
-0.829135 0.554216
-0.831001 0.551632
-0.832723 0.549049
-0.834446 0.546465
-0.836025 0.543738
-0.837747 0.541155
-0.839469 0.538428
-0.841191 0.535845
-0.842914 0.533118
-0.844492 0.530534
-0.846215 0.527807
-0.847793 0.525224
-0.849516 0.522497
-0.851094 0.51977
-0.852817 0.517186
-0.854396 0.51446
-0.855974 0.511733
-0.857553 0.509006
-0.859132 0.506279
-0.860711 0.503695
-0.862289 0.500968
-0.863868 0.498241
-0.865447 0.495514
-0.867026 0.492787
-0.868604 0.490061
-0.870183 0.48719
-0.871618 0.484463
-0.873197 0.481736
-0.874632 0.479009
-0.876211 0.476282
-0.877646 0.473555
-0.879082 0.470685
-0.88066 0.467958
-0.882096 0.465231
-0.883531 0.46236
-0.884966 0.459634
-0.886401 0.456763
-0.887837 0.454036
-0.889272 0.451166
-0.890707 0.448439
-0.892142 0.445568
-0.893434 0.442698
-0.894869 0.439971
-0.896304 0.4371
-0.897596 0.43423
-0.899031 0.431503
-0.900323 0.428632
-0.901615 0.425762
-0.90305 0.422892
-0.904342 0.420165
-0.905633 0.417294
-0.906925 0.414424
-0.908217 0.411553
-0.909509 0.408683
-0.9108 0.405812
-0.912092 0.402942
-0.913384 0.400071
-0.914675 0.397201
-0.915824 0.39433
-0.917115 0.391316
-0.918263 0.388446
-0.919555 0.385575
-0.920703 0.382705
-0.921995 0.379834
-0.923143 0.37682
-0.924291 0.37395
-0.92544 0.37108
-0.926588 0.368066
-0.927736 0.365195
-0.928884 0.362325
-0.930032 0.359311
-0.931181 0.35644
-0.932329 0.353426
-0.933333 0.350556
-0.934482 0.347542
-0.93563 0.344671
-0.936635 0.341657
-0.937783 0.338787
-0.938787 0.335773
-0.939792 0.332902
-0.94094 0.329888
-0.941945 0.326874
-0.94295 0.32386
-0.943954 0.32099
-0.944959 0.317976
-0.945964 0.314962
-0.946968 0.311948
-0.947973 0.309077
-0.948834 0.306063
-0.949839 0.303049
-0.950843 0.300035
-0.951704 0.297021
-0.952709 0.294007
-0.95357 0.290993
-0.954431 0.287979
-0.955436 0.284965
-0.956297 0.281951
-0.957158 0.278937
-0.95802 0.275923
-0.958881 0.272909
-0.959742 0.269895
-0.960603 0.266881
-0.961464 0.263867
-0.962182 0.260853
-0.963043 0.257839
-0.963904 0.254825
-0.964622 0.251811
-0.965483 0.248654
-0.9662 0.24564
-0.966918 0.242626
-0.967779 0.239612
-0.968497 0.236454
-0.969214 0.23344
-0.969932 0.230426
-0.97065 0.227412
-0.971367 0.224255
-0.972085 0.221241
-0.972802 0.218227
-0.973377 0.215069
-0.974094 0.212055
-0.974812 0.208898
-0.975386 0.205884
-0.976103 0.20287
-0.976678 0.199712
-0.977395 0.196698
-0.977969 0.193541
-0.978543 0.190527
-0.979117 0.187369
-0.979692 0.184355
-0.980266 0.181198
-0.98084 0.178184
-0.981414 0.175026
-0.981988 0.172012
-0.982562 0.168855
-0.982993 0.165697
-0.983567 0.162683
-0.983997 0.159526
-0.984571 0.156512
-0.985002 0.153354
-0.985432 0.150197
-0.986007 0.147183
-0.986437 0.144025
-0.986868 0.140868
-0.987298 0.137854
-0.987729 0.134696
-0.988159 0.131539
-0.98859 0.128525
-0.989021 0.125367
-0.989308 0.12221
-0.989738 0.119052
-0.990169 0.116038
-0.990456 0.112881
-0.990743 0.109723
-0.991173 0.106566
-0.99146 0.103552
-0.991748 0.100394
-0.992178 0.0972367
-0.992465 0.0940792
-0.992752 0.0910652
-0.993039 0.0879077
-0.993326 0.0847501
-0.99347 0.0815926
-0.993757 0.0784351
-0.994044 0.0752776
-0.994187 0.0722636
-0.994474 0.0691061
-0.994618 0.0659486
-0.994905 0.062791
-0.995049 0.0596335
-0.995192 0.056476
-0.995479 0.053462
-0.995623 0.0503045
-0.995766 0.047147
-0.99591 0.0439895
-0.996053 0.0408319
-0.996197 0.0376744
-0.996197 0.0345169
-0.99634 0.0313594
-0.996484 0.0283454
-0.996484 0.0251879
-0.996627 0.0220304
-0.996627 0.0188729
-0.996771 0.0157153
-0.996771 0.0125578
-0.996771 0.0094003
-0.996771 0.00624278
-0.996914 0.00322879
-0.996914 7.12727e-05
-0.996914 -0.00308624
-0.996771 -0.00624376
-0.996771 -0.00940128
-0.996771 -0.0125588
-0.996771 -0.0157163
-0.996627 -0.0188738
-0.996627 -0.0220313
-0.996484 -0.0250453
-0.996484 -0.0282029
-0.99634 -0.0313604
-0.996197 -0.0345179
-0.996197 -0.0376754
-0.996053 -0.0408329
-0.99591 -0.0439904
-0.995766 -0.047148
-0.995623 -0.050162
-0.995479 -0.0533195
-0.995192 -0.056477
-0.995049 -0.0596345
-0.994905 -0.062792
-0.994618 -0.0659495
-0.994474 -0.0691071
-0.994187 -0.072121
-0.994044 -0.0752786
-0.993757 -0.0784361
-0.99347 -0.0815936
-0.993326 -0.0847511
-0.993039 -0.0877651
-0.992752 -0.0909226
-0.992465 -0.0940801
-0.992178 -0.0972377
-0.991748 -0.100395
-0.99146 -0.103409
-0.991173 -0.106567
-0.990743 -0.109724
-0.990456 -0.112882
-0.990169 -0.115896
-0.989738 -0.119053
-0.989308 -0.122211
-0.989021 -0.125368
-0.98859 -0.128382
-0.988159 -0.13154
-0.987729 -0.134697
-0.987298 -0.137711
-0.986868 -0.140869
-0.986437 -0.144026
-0.986007 -0.14704
-0.985432 -0.150198
-0.985002 -0.153355
-0.984571 -0.156369
-0.983997 -0.159527
-0.983567 -0.162684
-0.982993 -0.165698
-0.982562 -0.168856
-0.981988 -0.17187
-0.981414 -0.175027
-0.98084 -0.178041
-0.980266 -0.181199
-0.979692 -0.184213
-0.979117 -0.18737
-0.978543 -0.190384
-0.977969 -0.193542
-0.977395 -0.196556
-0.976678 -0.199713
-0.976103 -0.202727
-0.975386 -0.205885
-0.974812 -0.208899
-0.974094 -0.212056
-0.973377 -0.21507
-0.972802 -0.218084
-0.972085 -0.221242
-0.971367 -0.224256
-0.97065 -0.22727
-0.969932 -0.230427
-0.969214 -0.233441
-0.968497 -0.236455
-0.967779 -0.239469
-0.966918 -0.242627
-0.9662 -0.245641
-0.965483 -0.248655
-0.964622 -0.251669
-0.963904 -0.254683
-0.963043 -0.25784
-0.962182 -0.260854
-0.961464 -0.263868
-0.960603 -0.266882
-0.959742 -0.269896
-0.958881 -0.27291
-0.95802 -0.275924
-0.957158 -0.278938
-0.956297 -0.281952
-0.955436 -0.284966
-0.954431 -0.28798
-0.95357 -0.290994
-0.952709 -0.294008
-0.951704 -0.297022
-0.950843 -0.300036
-0.949839 -0.30305
-0.948834 -0.306064
-0.947973 -0.308935
-0.946968 -0.311949
-0.945964 -0.314963
-0.944959 -0.317977
-0.943954 -0.320991
-0.94295 -0.323861
-0.941945 -0.326875
-0.94094 -0.329889
-0.939792 -0.33276
-0.938787 -0.335774
-0.937783 -0.338788
-0.936635 -0.341658
-0.93563 -0.344672
-0.934482 -0.347543
-0.933333 -0.350557
-0.932329 -0.353427
-0.931181 -0.356441
-0.930032 -0.359312
-0.928884 -0.362326
-0.927736 -0.365196
-0.926588 -0.368067
-0.92544 -0.371081
-0.924291 -0.373951
-0.923143 -0.376821
-0.921995 -0.379692
-0.920703 -0.382706
-0.919555 -0.385576
-0.918263 -0.388447
-0.917115 -0.391317
-0.915824 -0.394188
-0.914675 -0.397058
-0.913384 -0.400072
-0.912092 -0.402943
-0.9108 -0.405813
-0.909509 -0.408684
-0.908217 -0.411554
-0.906925 -0.414425
-0.905633 -0.417152
-0.904342 -0.420022
-0.90305 -0.422892
-0.901615 -0.425763
-0.900323 -0.428633
-0.899031 -0.431504
-0.897596 -0.434231
-0.896304 -0.437101
-0.894869 -0.439972
-0.893434 -0.442699
-0.892142 -0.445569
-0.890707 -0.448296
-0.889272 -0.451167
-0.887837 -0.454037
-0.886401 -0.456764
-0.884966 -0.459491
-0.883531 -0.462361
-0.882096 -0.465088
-0.88066 -0.467959
-0.879082 -0.470686
-0.877646 -0.473413
-0.876211 -0.476283
-0.874632 -0.47901
-0.873197 -0.481737
-0.871618 -0.484464
-0.870183 -0.487191
-0.868604 -0.489918
-0.867026 -0.492645
-0.865447 -0.495372
-0.863868 -0.498099
-0.862289 -0.500826
-0.860711 -0.503553
-0.859132 -0.50628
-0.857553 -0.509007
-0.855974 -0.511734
-0.854396 -0.51446
-0.852817 -0.517044
-0.851094 -0.519771
-0.849516 -0.522498
-0.847793 -0.525081
-0.846215 -0.527808
-0.844492 -0.530535
-0.842914 -0.533119
-0.841191 -0.535845
-0.839469 -0.538429
-0.837747 -0.541156
-0.836025 -0.543739
-0.834446 -0.546323
-0.832723 -0.54905
-0.831001 -0.551633
-0.829135 -0.554216
-0.827413 -0.5568
-0.825691 -0.559527
-0.823969 -0.56211
-0.822103 -0.564694
-0.82038 -0.567277
-0.818658 -0.569861
-0.816792 -0.572444
-0.81507 -0.575027
-0.813204 -0.577611
-0.811338 -0.580051
-0.809616 -0.582634
-0.80775 -0.585218
-0.805885 -0.587801
-0.804019 -0.590241
-0.802153 -0.592824
-0.800287 -0.595408
-0.798421 -0.597848
-0.796556 -0.600431
-0.79469 -0.602871
-0.79268 -0.605454
-0.790815 -0.607894
-0.788949 -0.610334
-0.786939 -0.612918
-0.785074 -0.615358
-0.783208 -0.617797
-0.781199 -0.620237
-0.779189 -0.622821
-0.777323 -0.625261
-0.775314 -0.627701
-0.773305 -0.63014
-0.771295 -0.63258
-0.76943 -0.63502
-0.76742 -0.63746
-0.765411 -0.639756
-0.763402 -0.642196
-0.761392 -0.644636
-0.759239 -0.647076
-0.75723 -0.649373
-0.755221 -0.651812
-0.753211 -0.654252
-0.751059 -0.656549
-0.749049 -0.658989
-0.746896 -0.661285
-0.744887 -0.663581
-0.742734 -0.666021
-0.740725 -0.668318
-0.738572 -0.670614
-0.736419 -0.673054
-0.73441 -0.67535
-0.732257 -0.677647
-0.730104 -0.679943
-0.727951 -0.682239
-0.725798 -0.684536
-0.723646 -0.686832
-0.721493 -0.689129
-0.71934 -0.691425
-0.717187 -0.693578
-0.715034 -0.695874
-0.712738 -0.698171
-0.710585 -0.700323
-0.708432 -0.70262
-0.706136 -0.704916
-0.703983 -0.707069
-0.701687 -0.709365
-0.699534 -0.711518
-0.697237 -0.713671
-0.695084 -0.715967
-0.692788 -0.71812
-0.690492 -0.720273
-0.688195 -0.722426
-0.685899 -0.724579
-0.683746 -0.726732
-0.68145 -0.728885
-0.679153 -0.731037
-0.676857 -0.73319
-0.674561 -0.735343
-0.672121 -0.737496
-0.669824 -0.739649
-0.667528 -0.741658
-0.665232 -0.743811
-0.662935 -0.745964
-0.660495 -0.747973
-0.658199 -0.750126
-0.655759 -0.752135
-0.653463 -0.754288
-0.651023 -0.756298
-0.648726 -0.758307
-0.646286 -0.760316
-0.643847 -0.762469
-0.64155 -0.764478
-0.63911 -0.766488
-0.63667 -0.768497
-0.63423 -0.770506
-0.631791 -0.772516
-0.629494 -0.774525
-0.627054 -0.776391
-0.624614 -0.7784
-0.622031 -0.78041
-0.619591 -0.782419
-0.617151 -0.784285
-0.614711 -0.786294
-0.612271 -0.78816
-0.609831 -0.790169
-0.607248 -0.792035
-0.604808 -0.793901
-0.602225 -0.79591
-0.599785 -0.797776
-0.597345 -0.799642
-0.594762 -0.801507
-0.592178 -0.803373
-0.589738 -0.805239
-0.587155 -0.807105
-0.584571 -0.808971
-0.582131 -0.810837
-0.579548 -0.812702
-0.576965 -0.814425
-0.574381 -0.81629
-0.571798 -0.818156
-0.569358 -0.819878
-0.566774 -0.821744
-0.564191 -0.823467
-0.561464 -0.825332
-0.558881 -0.827055
-0.556297 -0.828777
-0.553714 -0.830499
-0.55113 -0.832365
-0.548547 -0.834087
-0.54582 -0.83581
-0.543237 -0.837532
-0.540653 -0.839254
-0.537926 -0.840976
-0.535343 -0.842555
-0.532616 -0.844277
-0.530032 -0.846
-0.527305 -0.847722
-0.524722 -0.849301
-0.521995 -0.851023
-0.519412 -0.852602
-0.516685 -0.854181
-0.513958 -0.855903
-0.511231 -0.857482
-0.508647 -0.85906
-0.50592 -0.860783
-0.503194 -0.862361
-0.500467 -0.86394
-0.49774 -0.865519
-0.495013 -0.867098
-0.492286 -0.868676
-0.489559 -0.870112
-0.486832 -0.87169
-0.484105 -0.873269
-0.481378 -0.874704
-0.478651 -0.876283
-0.475924 -0.877718
-0.473054 -0.879297
-0.470327 -0.880732
-0.4676 -0.882311
-0.464729 -0.883746
-0.462002 -0.885182
-0.459275 -0.886617
-0.456405 -0.888052
-0.453678 -0.889487
-0.450807 -0.890923
-0.448081 -0.892358
-0.44521 -0.893793
-0.442483 -0.895228
-0.439613 -0.896664
-0.436742 -0.897955
-0.434015 -0.899391
-0.431145 -0.900682
-0.428274 -0.902117
-0.425547 -0.903409
-0.422677 -0.904844
-0.419806 -0.906136
-0.416936 -0.907428
-0.414065 -0.90872
-0.411195 -0.910011
-0.408324 -0.911446
-0.405454 -0.912595
-0.402584 -0.913886
-0.399713 -0.915178
-0.396843 -0.91647
-0.393972 -0.917762
-0.391102 -0.91891
-0.388231 -0.920201
-0.385361 -0.921493
-0.38249 -0.922641
-0.379476 -0.92379
-0.376606 -0.925081
-0.373735 -0.926229
-0.370865 -0.927378
-0.367851 -0.928526
-0.36498 -0.929817
-0.36211 -0.930966
-0.359096 -0.932114
-0.356225 -0.933119
-0.353211 -0.934267
-0.350341 -0.935415
-0.347327 -0.936563
-0.344457 -0.937568
-0.341443 -0.938716
-0.338572 -0.939721
-0.335558 -0.940869
-0.332688 -0.941873
-0.329674 -0.943022
-0.32666 -0.944026
-0.323789 -0.945031
-0.320775 -0.946036
-0.317761 -0.94704
-0.314891 -0.948045
-0.311877 -0.94905
-0.308863 -0.950054
-0.305849 -0.951059
-0.302835 -0.952064
-0.299964 -0.952925
-0.29695 -0.953929
-0.293936 -0.954791
-0.290922 -0.955795
-0.287908 -0.956656
-0.284894 -0.957661
-0.28188 -0.958522
-0.278866 -0.959383
-0.275852 -0.960244
-0.272838 -0.961106
-0.269824 -0.961967
-0.26681 -0.962828
-0.263796 -0.963689
-0.260782 -0.96455
-0.257768 -0.965411
-0.254611 -0.966129
-0.251597 -0.96699
-0.248583 -0.967708
-0.245569 -0.968569
-0.242555 -0.969286
-0.239397 -0.970148
-0.236383 -0.970865
-0.233369 -0.971583
-0.230355 -0.9723
-0.227198 -0.973018
-0.224184 -0.973736
-0.22117 -0.974453
-0.218012 -0.975171
-0.214998 -0.975889
-0.211984 -0.976606
-0.208827 -0.97718
-0.205813 -0.977898
-0.202655 -0.978615
-0.199641 -0.97919
-0.196627 -0.979764
-0.19347 -0.980481
-0.190456 -0.981055
-0.187298 -0.981629
-0.184284 -0.982204
-0.181127 -0.982778
-0.178113 -0.983352
-0.174955 -0.983926
-0.171941 -0.9845
-0.168784 -0.985074
-0.165626 -0.985648
-0.162612 -0.986079
-0.159455 -0.986653
-0.156441 -0.987227
-0.153283 -0.987657
-0.150126 -0.988088
-0.147112 -0.988662
-0.143954 -0.989093
-0.14094 -0.989523
-0.137783 -0.989954
-0.134625 -0.990384
-0.131468 -0.990815
-0.128454 -0.991246
-0.125296 -0.991676
-0.122139 -0.992107
-0.119125 -0.992537
-0.115967 -0.992824
-0.11281 -0.993255
-0.109652 -0.993542
-0.106638 -0.993973
-0.103481 -0.99426
-0.100323 -0.994547
-0.0971655 -0.994977
-0.0941515 -0.995264
-0.090994 -0.995551
-0.0878365 -0.995838
-0.084679 -0.996125
-0.0815215 -0.996412
-0.0785075 -0.996699
-0.07535 -0.996843
-0.0721925 -0.99713
-0.0690349 -0.997417
-0.0658774 -0.997561
-0.0627199 -0.997848
-0.0597059 -0.997991
-0.0565484 -0.998135
-0.0533909 -0.998422
-0.0502334 -0.998565
-0.0470758 -0.998709
-0.0439183 -0.998852
-0.0407608 -0.998996
-0.0377468 -0.999139
-0.0345893 -0.999283
-0.0314318 -0.999426
-0.0282743 -0.999426
-0.0251167 -0.99957
-0.0219592 -0.999713
-0.0188017 -0.999713
-0.0156442 -0.999857
-0.0126302 -0.999857
-0.00947268 -0.999857
-0.00631516 -0.999857
-0.00315765 -1
-1.2953e-07 -1
