0.0139762 1.17444
-0.00954731 1.15406
-0.115182 1.06321
-0.1153 1.06311
-0.1505 1.03346
-0.190195 1.00056
-0.198955 0.993386
-0.221685 0.974933
-0.306901 0.90787
-0.340792 0.882082
-0.351476 0.874062
-0.380525 0.852696
-0.401134 0.837795
-0.405534 0.834632
-0.414987 0.827902
-0.48388 0.780255
-0.484889 0.779559
-0.512358 0.760897
-0.521072 0.755021
-0.526176 0.751588
-0.597153 0.703961
-0.613939 0.692673
-0.623537 0.686138
-0.665041 0.657334
-0.690133 0.639611
-0.700972 0.63179
-0.702789 0.63048
-0.705994 0.628167
-0.711693 0.624017
-0.729412 0.610893
-0.755452 0.590989
-0.78855 0.564608
-0.801625 0.553888
-0.819897 0.538548
-0.831516 0.528378
-0.863802 0.498754
-0.867783 0.494942
-0.899858 0.462858
-0.96673 0.381855
-0.981793 0.362673
-1.01172 0.312744
-1.03566 0.263908
-1.04957 0.228661
-1.05403 0.216077
-1.07584 0.092466
-1.07613 0.0791556
-1.07583 0.0670824
-1.06387 -0.0295118
-1.05591 -0.058393
-1.0359 -0.114271
-1.00485 -0.179962
-0.983241 -0.217447
-0.979694 -0.223168
-0.975258 -0.230153
-0.963861 -0.247378
-0.947657 -0.270654
-0.947323 -0.271129
-0.932883 -0.289872
-0.889774 -0.344342
-0.888993 -0.345274
-0.867938 -0.369617
-0.862526 -0.375696
-0.862505 -0.375719
-0.835442 -0.405117
-0.784165 -0.458371
-0.771224 -0.471056
-0.733968 -0.507213
-0.698937 -0.540534
-0.696632 -0.54271
-0.671516 -0.566386
-0.667261 -0.570392
-0.649499 -0.587174
-0.559493 -0.673325
-0.554552 -0.678195
-0.540645 -0.692046
-0.525679 -0.707221
-0.521224 -0.711788
-0.517933 -0.715184
-0.473091 -0.76361
-0.410084 -0.842907
-0.391676 -0.870508
-0.38991 -0.873381
-0.374619 -0.899016
-0.370681 -0.906283
-0.370239 -0.907161
-0.346302 -0.955422
-0.334232 -0.983738
-0.32943 -0.996573
-0.309831 -1.05219
-0.304524 -1.06924
-0.303297 -1.07344
-0.28202 -1.14708
-0.271512 -1.18593
-0.264359 -1.21276
-0.256415 -1.2426
-0.25533 -1.24667
-0.252138 -1.25861
-0.241345 -1.29893
-0.235615 -1.32026
-0.227026 -1.35225
