-0.0423396 1.19218
-0.0775028 1.27987
-0.0604235 0.99799
-0.0645857 0.849013
-0.136778 1.08884
-0.130319 0.86236
-0.16333 1.04894
-0.336563 1.16146
-0.245569 0.75644
-0.253319 0.742375
-0.283028 0.673484
-0.28145 0.662002
-0.503911 1.15831
-0.371295 0.840114
-0.428705 0.847291
-0.313312 0.530821
-0.644564 1.0132
-0.561033 0.833082
-0.466452 0.662576
-0.371439 0.533118
-0.763976 0.913024
-0.623897 0.74381
-0.600359 0.652099
-0.888841 0.892213
-0.843775 0.81916
-0.60854 0.576605
-0.719627 0.653821
-0.664801 0.560244
-0.70958 0.584355
-0.93075 0.711374
-0.501902 0.378686
-0.659491 0.468388
-0.771439 0.543738
-1.07887 0.715392
-0.759096 0.446142
-0.992322 0.550197
-0.815214 0.448008
-0.665519 0.357732
-1.19153 0.527377
-1.02648 0.428776
-0.913671 0.257552
-1.11188 0.298026
-1.25339 0.283674
-1.00639 0.213347
-1.29587 0.119052
-1.06265 0.0791527
-1.21722 0.0517397
-1.24765 -0.0725516
-1.33549 -0.148045
-1.0892 -0.137855
-1.02031 -0.188375
-0.818515 -0.151202
-0.889128 -0.173162
-0.96089 -0.203589
-0.836168 -0.215358
-1.10298 -0.299606
-1.01026 -0.317833
-0.687191 -0.219663
-0.803014 -0.271619
-0.737854 -0.253822
-0.835881 -0.300754
-1.29946 -0.518049
-0.948116 -0.451884
-0.523 -0.285828
-1.09035 -0.648081
-0.845928 -0.547614
-0.966918 -0.640905
-0.679871 -0.524938
-0.734984 -0.578759
-0.518263 -0.412128
-0.708432 -0.605598
-0.729674 -0.671045
-0.787514 -0.904844
-0.59103 -0.714819
-0.742447 -0.926947
-0.632221 -0.812272
-0.429279 -0.629423
-0.34704 -0.497668
-0.701256 -1.18988
-0.37474 -0.674489
-0.4554 -0.912738
-0.62404 -1.30843
-0.467887 -1.29896
-0.37761 -1.07406
-0.380337 -1.09142
-0.392106 -1.21816
-0.398278 -1.34101
-0.235809 -0.83825
-0.190169 -0.691568
-0.335989 -1.28102
-0.283172 -1.1474
-0.291496 -1.25633
-0.109222 -0.691425
-0.150413 -1.29738
-0.150987 -1.33183
-0.0842484 -0.7629
-0.0839614 -0.841407
-0.0733406 -0.904701
-0.0407608 -0.710801
-0.0371727 -0.864227
